0			2.77556e-17
0.016			8.50299e-06
0.032			3.38906e-05
0.048			7.59808e-05
0.064			0.000134592
0.08			0.000209541
0.096			0.000300646
0.112			0.000407726
0.128			0.000530599
0.144			0.000669082
0.16			0.000822993
0.176			0.00099215
0.192			0.00117637
0.208			0.00137547
0.224			0.00158928
0.24			0.0018176
0.256			0.00206026
0.272			0.00231707
0.288			0.00258785
0.304			0.00287243
0.32			0.00317061
0.336			0.00348221
0.352			0.00380707
0.368			0.00414498
0.384			0.00449577
0.4			0.00485926
0.416			0.00523526
0.432			0.0056236
0.448			0.00602409
0.464			0.00643655
0.48			0.0068608
0.496			0.00729665
0.512			0.00774393
0.528			0.00820244
0.544			0.00867202
0.56			0.00915247
0.576			0.00964362
0.592			0.0101453
0.608			0.0106573
0.624			0.0111794
0.64			0.0117115
0.656			0.0122534
0.672			0.0128049
0.688			0.0133658
0.704			0.013936
0.72			0.0145152
0.736			0.0151033
0.752			0.0157001
0.768			0.0163054
0.784			0.016919
0.8			0.0175407
0.816			0.0181705
0.832			0.018808
0.848			0.0194531
0.864			0.0201056
0.88			0.0207654
0.896			0.0214322
0.912			0.0221059
0.928			0.0227863
0.944			0.0234732
0.96			0.0241664
0.976			0.0248658
0.992			0.0255711
1.008			0.0262822
1.024			0.0269989
1.04			0.027721
1.056			0.0284484
1.072			0.0291808
1.088			0.029918
1.104			0.03066
1.12			0.0314065
1.136			0.0321572
1.152			0.0329122
1.168			0.0336711
1.184			0.0344337
1.2			0.0352
1.216			0.0359697
1.232			0.0367426
1.248			0.0375185
1.264			0.0382974
1.28			0.0390789
1.296			0.0398629
1.312			0.0406492
1.328			0.0414377
1.344			0.0422281
1.36			0.0430203
1.376			0.0438141
1.392			0.0446093
1.408			0.0454058
1.424			0.0462033
1.44			0.0470016
1.456			0.0478006
1.472			0.0486002
1.488			0.0494
1.504			0.0502
1.52			0.0509999
1.536			0.0517997
1.552			0.052599
1.568			0.0533977
1.584			0.0541956
1.6			0.0549926
1.616			0.0557884
1.632			0.056583
1.648			0.057376
1.664			0.0581673
1.68			0.0589568
1.696			0.0597442
1.712			0.0605294
1.728			0.0613122
1.744			0.0620924
1.76			0.0628698
1.776			0.0636443
1.792			0.0644156
1.808			0.0651836
1.824			0.0659481
1.84			0.0667089
1.856			0.0674658
1.872			0.0682187
1.888			0.0689673
1.904			0.0697116
1.92			0.0704512
1.936			0.0711861
1.952			0.071916
1.968			0.0726407
1.984			0.0733601
2			0.0740741
2.016			0.0747823
2.032			0.0754847
2.048			0.076181
2.064			0.0768711
2.08			0.0775547
2.096			0.0782318
2.112			0.0789021
2.128			0.0795654
2.144			0.0802216
2.16			0.0808704
2.176			0.0815117
2.192			0.0821454
2.208			0.0827711
2.224			0.0833889
2.24			0.0839983
2.256			0.0845994
2.272			0.0851919
2.288			0.0857755
2.304			0.0863502
2.32			0.0869158
2.336			0.087472
2.352			0.0880187
2.368			0.0885558
2.384			0.0890829
2.4			0.0896
2.416			0.0901068
2.432			0.0906033
2.448			0.0910891
2.464			0.0915641
2.48			0.0920282
2.496			0.0924811
2.512			0.0929227
2.528			0.0933528
2.544			0.0937712
2.56			0.0941777
2.576			0.0945721
2.592			0.0949543
2.608			0.0953241
2.624			0.0956812
2.64			0.0960256
2.656			0.096357
2.672			0.0966753
2.688			0.0969802
2.704			0.0972716
2.72			0.0975493
2.736			0.0978131
2.752			0.0980629
2.768			0.0982984
2.784			0.0985194
2.8			0.0987259
2.816			0.0989176
2.832			0.0990943
2.848			0.0992559
2.864			0.0994021
2.88			0.0995328
2.896			0.0996478
2.912			0.0997469
2.928			0.09983
2.944			0.0998968
2.96			0.0999471
2.976			0.0999809
2.992			0.0999979
3.008			0.0999999
3.024			0.0999994
3.04			0.0999982
3.056			0.0999965
3.072			0.0999943
3.088			0.0999915
3.104			0.0999881
3.12			0.0999841
3.136			0.0999797
3.152			0.0999746
3.168			0.099969
3.184			0.0999629
3.2			0.0999562
3.216			0.099949
3.232			0.0999412
3.248			0.0999329
3.264			0.0999241
3.28			0.0999147
3.296			0.0999048
3.312			0.0998943
3.328			0.0998834
3.344			0.0998719
3.36			0.0998598
3.376			0.0998473
3.392			0.0998342
3.408			0.0998206
3.424			0.0998065
3.44			0.0997919
3.456			0.0997768
3.472			0.0997611
3.488			0.099745
3.504			0.0997283
3.52			0.0997111
3.536			0.0996935
3.552			0.0996753
3.568			0.0996566
3.584			0.0996374
3.6			0.0996178
3.616			0.0995976
3.632			0.099577
3.648			0.0995558
3.664			0.0995342
3.68			0.0995121
3.696			0.0994895
3.712			0.0994664
3.728			0.0994429
3.744			0.0994189
3.76			0.0993944
3.776			0.0993694
3.792			0.0993439
3.808			0.099318
3.824			0.0992916
3.84			0.0992648
3.856			0.0992375
3.872			0.0992097
3.888			0.0991815
3.904			0.0991528
3.92			0.0991236
3.936			0.0990941
3.952			0.099064
3.968			0.0990335
3.984			0.0990026
4			0.0989712
4.016			0.0989394
4.032			0.0989071
4.048			0.0988744
4.064			0.0988413
4.08			0.0988077
4.096			0.0987737
4.112			0.0987392
4.128			0.0987044
4.144			0.0986691
4.16			0.0986334
4.176			0.0985972
4.192			0.0985607
4.208			0.0985237
4.224			0.0984863
4.24			0.0984485
4.256			0.0984103
4.272			0.0983716
4.288			0.0983326
4.304			0.0982931
4.32			0.0982533
4.336			0.098213
4.352			0.0981724
4.368			0.0981313
4.384			0.0980899
4.4			0.0980481
4.416			0.0980058
4.432			0.0979632
4.448			0.0979202
4.464			0.0978768
4.48			0.097833
4.496			0.0977889
4.512			0.0977443
4.528			0.0976994
4.544			0.0976541
4.56			0.0976085
4.576			0.0975624
4.592			0.097516
4.608			0.0974692
4.624			0.0974221
4.64			0.0973746
4.656			0.0973267
4.672			0.0972785
4.688			0.0972299
4.704			0.097181
4.72			0.0971317
4.736			0.097082
4.752			0.0970321
4.768			0.0969817
4.784			0.096931
4.8			0.09688
4.816			0.0968286
4.832			0.0967769
4.848			0.0967249
4.864			0.0966725
4.88			0.0966198
4.896			0.0965667
4.912			0.0965134
4.928			0.0964596
4.944			0.0964056
4.96			0.0963513
4.976			0.0962966
4.992			0.0962416
5.008			0.0961863
5.024			0.0961307
5.04			0.0960747
5.056			0.0960185
5.072			0.0959619
5.088			0.0959051
5.104			0.0958479
5.12			0.0957904
5.136			0.0957327
5.152			0.0956746
5.168			0.0956162
5.184			0.0955576
5.2			0.0954986
5.216			0.0954394
5.232			0.0953798
5.248			0.09532
5.264			0.0952599
5.28			0.0951995
5.296			0.0951388
5.312			0.0950779
5.328			0.0950167
5.344			0.0949552
5.36			0.0948934
5.376			0.0948313
5.392			0.094769
5.408			0.0947065
5.424			0.0946436
5.44			0.0945805
5.456			0.0945171
5.472			0.0944535
5.488			0.0943896
5.504			0.0943255
5.52			0.0942611
5.536			0.0941965
5.552			0.0941316
5.568			0.0940665
5.584			0.0940011
5.6			0.0939355
5.616			0.0938696
5.632			0.0938035
5.648			0.0937372
5.664			0.0936706
5.68			0.0936038
5.696			0.0935368
5.712			0.0934695
5.728			0.0934021
5.744			0.0933343
5.76			0.0932664
5.776			0.0931983
5.792			0.0931299
5.808			0.0930613
5.824			0.0929925
5.84			0.0929235
5.856			0.0928543
5.872			0.0927849
5.888			0.0927152
5.904			0.0926454
5.92			0.0925754
5.936			0.0925051
5.952			0.0924347
5.968			0.0923641
5.984			0.0922932
6			0.0922222
6.016			0.092151
6.032			0.0920796
6.048			0.092008
6.064			0.0919363
6.08			0.0918643
6.096			0.0917922
6.112			0.0917199
6.128			0.0916474
6.144			0.0915748
6.16			0.091502
6.176			0.091429
6.192			0.0913558
6.208			0.0912825
6.224			0.091209
6.24			0.0911354
6.256			0.0910616
6.272			0.0909876
6.288			0.0909135
6.304			0.0908392
6.32			0.0907648
6.336			0.0906902
6.352			0.0906155
6.368			0.0905406
6.384			0.0904656
6.4			0.0903905
6.416			0.0903152
6.432			0.0902397
6.448			0.0901642
6.464			0.0900885
6.48			0.0900127
6.496			0.0899367
6.512			0.0898606
6.528			0.0897844
6.544			0.0897081
6.56			0.0896316
6.576			0.0895551
6.592			0.0894784
6.608			0.0894016
6.624			0.0893247
6.64			0.0892476
6.656			0.0891705
6.672			0.0890933
6.688			0.0890159
6.704			0.0889385
6.72			0.0888609
6.736			0.0887833
6.752			0.0887056
6.768			0.0886277
6.784			0.0885498
6.8			0.0884718
6.816			0.0883937
6.832			0.0883155
6.848			0.0882372
6.864			0.0881588
6.88			0.0880804
6.896			0.0880019
6.912			0.0879233
6.928			0.0878446
6.944			0.0877659
6.96			0.087687
6.976			0.0876082
6.992			0.0875292
7.008			0.0874502
7.024			0.0873711
7.04			0.087292
7.056			0.0872128
7.072			0.0871335
7.088			0.0870542
7.104			0.0869749
7.12			0.0868955
7.136			0.086816
7.152			0.0867365
7.168			0.086657
7.184			0.0865774
7.2			0.0864978
7.216			0.0864181
7.232			0.0863384
7.248			0.0862587
7.264			0.0861789
7.28			0.0860991
7.296			0.0860193
7.312			0.0859395
7.328			0.0858596
7.344			0.0857797
7.36			0.0856998
7.376			0.0856198
7.392			0.0855399
7.408			0.0854599
7.424			0.08538
7.44			0.0853
7.456			0.08522
7.472			0.08514
7.488			0.08506
7.504			0.08498
7.52			0.0849
7.536			0.08482
7.552			0.08474
7.568			0.08466
7.584			0.08458
7.6			0.0845001
7.616			0.0844201
7.632			0.0843402
7.648			0.0842603
7.664			0.0841804
7.68			0.0841005
7.696			0.0840206
7.712			0.0839408
7.728			0.083861
7.744			0.0837812
7.76			0.0837014
7.776			0.0836217
7.792			0.083542
7.808			0.0834624
7.824			0.0833828
7.84			0.0833032
7.856			0.0832237
7.872			0.0831442
7.888			0.0830648
7.904			0.0829854
7.92			0.0829061
7.936			0.0828268
7.952			0.0827476
7.968			0.0826684
7.984			0.0825893
8			0.0825103
8.016			0.0824313
8.032			0.0823524
8.048			0.0822735
8.064			0.0821948
8.08			0.0821161
8.096			0.0820374
8.112			0.0819589
8.128			0.0818804
8.144			0.081802
8.16			0.0817237
8.176			0.0816454
8.192			0.0815673
8.208			0.0814892
8.224			0.0814112
8.24			0.0813334
8.256			0.0812556
8.272			0.0811779
8.288			0.0811003
8.304			0.0810228
8.32			0.0809454
8.336			0.0808681
8.352			0.0807909
8.368			0.0807138
8.384			0.0806369
8.4			0.08056
8.416			0.0804833
8.432			0.0804066
8.448			0.0803301
8.464			0.0802537
8.48			0.0801775
8.496			0.0801013
8.512			0.0800253
8.528			0.0799494
8.544			0.0798737
8.56			0.079798
8.576			0.0797225
8.592			0.0796472
8.608			0.079572
8.624			0.0794969
8.64			0.0794219
8.656			0.0793471
8.672			0.0792725
8.688			0.079198
8.704			0.0791236
8.72			0.0790495
8.736			0.0789754
8.752			0.0789015
8.768			0.0788278
8.784			0.0787542
8.8			0.0786808
8.816			0.0786076
8.832			0.0785345
8.848			0.0784616
8.864			0.0783889
8.88			0.0783163
8.896			0.0782439
8.912			0.0781717
8.928			0.0780997
8.944			0.0780278
8.96			0.0779561
8.976			0.0778847
8.992			0.0778134
9.008			0.0777422
9.024			0.0776713
9.04			0.0776006
9.056			0.0775301
9.072			0.0774597
9.088			0.0773896
9.104			0.0773197
9.12			0.0772499
9.136			0.0771804
9.152			0.0771111
9.168			0.077042
9.184			0.0769731
9.2			0.0769044
9.216			0.0768359
9.232			0.0767676
9.248			0.0766996
9.264			0.0766318
9.28			0.0765642
9.296			0.0764968
9.312			0.0764297
9.328			0.0763628
9.344			0.0762961
9.36			0.0762296
9.376			0.0761634
9.392			0.0760974
9.408			0.0760317
9.424			0.0759662
9.44			0.0759009
9.456			0.0758359
9.472			0.0757712
9.488			0.0757067
9.504			0.0756424
9.52			0.0755784
9.536			0.0755146
9.552			0.0754511
9.568			0.0753879
9.584			0.0753249
9.6			0.0752622
9.616			0.0751998
9.632			0.0751376
9.648			0.0750757
9.664			0.0750141
9.68			0.0749527
9.696			0.0748916
9.712			0.0748308
9.728			0.0747703
9.744			0.07471
9.76			0.0746501
9.776			0.0745904
9.792			0.074531
9.808			0.0744719
9.824			0.0744131
9.84			0.0743546
9.856			0.0742963
9.872			0.0742384
9.888			0.0741808
9.904			0.0741235
9.92			0.0740665
9.936			0.0740097
9.952			0.0739533
9.968			0.0738973
9.984			0.0738415
10			0.073786
10.016			0.0737309
10.032			0.073676
10.048			0.0736215
10.064			0.0735673
10.08			0.0735135
10.096			0.0734599
10.112			0.0734067
10.128			0.0733538
10.144			0.0733013
10.16			0.0732491
10.176			0.0731972
10.192			0.0731456
10.208			0.0730944
10.224			0.0730436
10.24			0.0729931
10.256			0.0729429
10.272			0.0728931
10.288			0.0728436
10.304			0.0727945
10.32			0.0727457
10.336			0.0726973
10.352			0.0726493
10.368			0.0726016
10.384			0.0725543
10.4			0.0725073
10.416			0.0724607
10.432			0.0724145
10.448			0.0723687
10.464			0.0723232
10.48			0.0722781
10.496			0.0722333
10.512			0.072189
10.528			0.072145
10.544			0.0721014
10.56			0.0720582
10.576			0.0720154
10.592			0.071973
10.608			0.071931
10.624			0.0718893
10.64			0.0718481
10.656			0.0718072
10.672			0.0717668
10.688			0.0717267
10.704			0.0716871
10.72			0.0716478
10.736			0.071609
10.752			0.0715706
10.768			0.0715326
10.784			0.071495
10.8			0.0714578
10.816			0.071421
10.832			0.0713847
10.848			0.0713487
10.864			0.0713132
10.88			0.0712781
10.896			0.0712435
10.912			0.0712093
10.928			0.0711755
10.944			0.0711421
10.96			0.0711092
10.976			0.0710767
10.992			0.0710447
11.008			0.0710131
11.024			0.0709819
11.04			0.0709512
11.056			0.0709209
11.072			0.0708911
11.088			0.0708617
11.104			0.0708328
11.12			0.0708044
11.136			0.0707764
11.152			0.0707488
11.168			0.0707217
11.184			0.0706951
11.2			0.070669
11.216			0.0706433
11.232			0.0706181
11.248			0.0705933
11.264			0.0705691
11.28			0.0705453
11.296			0.070522
11.312			0.0704991
11.328			0.0704768
11.344			0.0704549
11.36			0.0704335
11.376			0.0704126
11.392			0.0703922
11.408			0.0703723
11.424			0.0703529
11.44			0.070334
11.456			0.0703156
11.472			0.0702976
11.488			0.0702802
11.504			0.0702633
11.52			0.0702469
11.536			0.070231
11.552			0.0702156
11.568			0.0702007
11.584			0.0701864
11.6			0.0701725
11.616			0.0701592
11.632			0.0701464
11.648			0.0701341
11.664			0.0701223
11.68			0.0701111
11.696			0.0701004
11.712			0.0700902
11.728			0.0700805
11.744			0.0700714
11.76			0.0700629
11.776			0.0700548
11.792			0.0700473
11.808			0.0700404
11.824			0.070034
11.84			0.0700281
11.856			0.0700228
11.872			0.070018
11.888			0.0700138
11.904			0.0700102
11.92			0.0700071
11.936			0.0700045
11.952			0.0700026
11.968			0.0700011
11.984			0.0700003
12			0.07
12.016			0.0700111
12.032			0.0700441
12.048			0.0700988
12.064			0.070175
12.08			0.0702724
12.096			0.0703908
12.112			0.07053
12.128			0.0706898
12.144			0.0708698
12.16			0.0710699
12.176			0.0712898
12.192			0.0715293
12.208			0.0717881
12.224			0.0720661
12.24			0.0723629
12.256			0.0726783
12.272			0.0730122
12.288			0.0733642
12.304			0.0737342
12.32			0.0741218
12.336			0.0745269
12.352			0.0749492
12.368			0.0753885
12.384			0.0758445
12.4			0.076317
12.416			0.0768058
12.432			0.0773107
12.448			0.0778313
12.464			0.0783675
12.48			0.078919
12.496			0.0794856
12.512			0.0800671
12.528			0.0806632
12.544			0.0812736
12.56			0.0818982
12.576			0.0825367
12.592			0.0831889
12.608			0.0838545
12.624			0.0845332
12.64			0.085225
12.656			0.0859294
12.672			0.0866464
12.688			0.0873756
12.704			0.0881168
12.72			0.0888698
12.736			0.0896343
12.752			0.0904101
12.768			0.091197
12.784			0.0919947
12.8			0.092803
12.816			0.0936216
12.832			0.0944504
12.848			0.095289
12.864			0.0961373
12.88			0.096995
12.896			0.0978619
12.912			0.0987377
12.928			0.0996222
12.944			0.100515
12.96			0.101416
12.976			0.102325
12.992			0.103242
13.008			0.104167
13.024			0.105099
13.04			0.106037
13.056			0.106983
13.072			0.107935
13.088			0.108893
13.104			0.109858
13.12			0.110828
13.136			0.111804
13.152			0.112786
13.168			0.113772
13.184			0.114764
13.2			0.11576
13.216			0.116761
13.232			0.117765
13.248			0.118774
13.264			0.119787
13.28			0.120803
13.296			0.121822
13.312			0.122844
13.328			0.123869
13.344			0.124897
13.36			0.125926
13.376			0.126958
13.392			0.127992
13.408			0.129027
13.424			0.130064
13.44			0.131102
13.456			0.132141
13.472			0.13318
13.488			0.13422
13.504			0.13526
13.52			0.1363
13.536			0.13734
13.552			0.138379
13.568			0.139417
13.584			0.140454
13.6			0.14149
13.616			0.142525
13.632			0.143558
13.648			0.144589
13.664			0.145618
13.68			0.146644
13.696			0.147667
13.712			0.148688
13.728			0.149706
13.744			0.15072
13.76			0.151731
13.776			0.152738
13.792			0.15374
13.808			0.154739
13.824			0.155732
13.84			0.156722
13.856			0.157706
13.872			0.158684
13.888			0.159658
13.904			0.160625
13.92			0.161587
13.936			0.162542
13.952			0.163491
13.968			0.164433
13.984			0.165368
14			0.166296
14.016			0.167217
14.032			0.16813
14.048			0.169035
14.064			0.169932
14.08			0.170821
14.096			0.171701
14.112			0.172573
14.128			0.173435
14.144			0.174288
14.16			0.175132
14.176			0.175965
14.192			0.176789
14.208			0.177602
14.224			0.178406
14.24			0.179198
14.256			0.179979
14.272			0.180749
14.288			0.181508
14.304			0.182255
14.32			0.182991
14.336			0.183714
14.352			0.184424
14.368			0.185122
14.384			0.185808
14.4			0.18648
14.416			0.187139
14.432			0.187784
14.448			0.188416
14.464			0.189033
14.48			0.189637
14.496			0.190225
14.512			0.1908
14.528			0.191359
14.544			0.191903
14.56			0.192431
14.576			0.192944
14.592			0.193441
14.608			0.193921
14.624			0.194386
14.64			0.194833
14.656			0.195264
14.672			0.195678
14.688			0.196074
14.704			0.196453
14.72			0.196814
14.736			0.197157
14.752			0.197482
14.768			0.197788
14.784			0.198075
14.8			0.198344
14.816			0.198593
14.832			0.198823
14.848			0.199033
14.864			0.199223
14.88			0.199393
14.896			0.199542
14.912			0.199671
14.928			0.199779
14.944			0.199866
14.96			0.199931
14.976			0.199975
14.992			0.199997
15.008			0.2
15.024			0.199999
15.04			0.199998
15.056			0.199997
15.072			0.199994
15.088			0.199991
15.104			0.199988
15.12			0.199984
15.136			0.19998
15.152			0.199975
15.168			0.199969
15.184			0.199963
15.2			0.199956
15.216			0.199949
15.232			0.199941
15.248			0.199933
15.264			0.199924
15.28			0.199915
15.296			0.199905
15.312			0.199894
15.328			0.199883
15.344			0.199872
15.36			0.19986
15.376			0.199847
15.392			0.199834
15.408			0.199821
15.424			0.199807
15.44			0.199792
15.456			0.199777
15.472			0.199761
15.488			0.199745
15.504			0.199728
15.52			0.199711
15.536			0.199693
15.552			0.199675
15.568			0.199657
15.584			0.199637
15.6			0.199618
15.616			0.199598
15.632			0.199577
15.648			0.199556
15.664			0.199534
15.68			0.199512
15.696			0.19949
15.712			0.199466
15.728			0.199443
15.744			0.199419
15.76			0.199394
15.776			0.199369
15.792			0.199344
15.808			0.199318
15.824			0.199292
15.84			0.199265
15.856			0.199237
15.872			0.19921
15.888			0.199181
15.904			0.199153
15.92			0.199124
15.936			0.199094
15.952			0.199064
15.968			0.199034
15.984			0.199003
16			0.198971
16.016			0.198939
16.032			0.198907
16.048			0.198874
16.064			0.198841
16.08			0.198808
16.096			0.198774
16.112			0.198739
16.128			0.198704
16.144			0.198669
16.16			0.198633
16.176			0.198597
16.192			0.198561
16.208			0.198524
16.224			0.198486
16.24			0.198448
16.256			0.19841
16.272			0.198372
16.288			0.198333
16.304			0.198293
16.32			0.198253
16.336			0.198213
16.352			0.198172
16.368			0.198131
16.384			0.19809
16.4			0.198048
16.416			0.198006
16.432			0.197963
16.448			0.19792
16.464			0.197877
16.48			0.197833
16.496			0.197789
16.512			0.197744
16.528			0.197699
16.544			0.197654
16.56			0.197608
16.576			0.197562
16.592			0.197516
16.608			0.197469
16.624			0.197422
16.64			0.197375
16.656			0.197327
16.672			0.197279
16.688			0.19723
16.704			0.197181
16.72			0.197132
16.736			0.197082
16.752			0.197032
16.768			0.196982
16.784			0.196931
16.8			0.19688
16.816			0.196829
16.832			0.196777
16.848			0.196725
16.864			0.196672
16.88			0.19662
16.896			0.196567
16.912			0.196513
16.928			0.19646
16.944			0.196406
16.96			0.196351
16.976			0.196297
16.992			0.196242
17.008			0.196186
17.024			0.196131
17.04			0.196075
17.056			0.196018
17.072			0.195962
17.088			0.195905
17.104			0.195848
17.12			0.19579
17.136			0.195733
17.152			0.195675
17.168			0.195616
17.184			0.195558
17.2			0.195499
17.216			0.195439
17.232			0.19538
17.248			0.19532
17.264			0.19526
17.28			0.1952
17.296			0.195139
17.312			0.195078
17.328			0.195017
17.344			0.194955
17.36			0.194893
17.376			0.194831
17.392			0.194769
17.408			0.194706
17.424			0.194644
17.44			0.194581
17.456			0.194517
17.472			0.194454
17.488			0.19439
17.504			0.194326
17.52			0.194261
17.536			0.194196
17.552			0.194132
17.568			0.194066
17.584			0.194001
17.6			0.193935
17.616			0.19387
17.632			0.193804
17.648			0.193737
17.664			0.193671
17.68			0.193604
17.696			0.193537
17.712			0.19347
17.728			0.193402
17.744			0.193334
17.76			0.193266
17.776			0.193198
17.792			0.19313
17.808			0.193061
17.824			0.192993
17.84			0.192924
17.856			0.192854
17.872			0.192785
17.888			0.192715
17.904			0.192645
17.92			0.192575
17.936			0.192505
17.952			0.192435
17.968			0.192364
17.984			0.192293
18			0.192222
18.016			0.192151
18.032			0.19208
18.048			0.192008
18.064			0.191936
18.08			0.191864
18.096			0.191792
18.112			0.19172
18.128			0.191647
18.144			0.191575
18.16			0.191502
18.176			0.191429
18.192			0.191356
18.208			0.191282
18.224			0.191209
18.24			0.191135
18.256			0.191062
18.272			0.190988
18.288			0.190913
18.304			0.190839
18.32			0.190765
18.336			0.19069
18.352			0.190615
18.368			0.190541
18.384			0.190466
18.4			0.19039
18.416			0.190315
18.432			0.19024
18.448			0.190164
18.464			0.190088
18.48			0.190013
18.496			0.189937
18.512			0.189861
18.528			0.189784
18.544			0.189708
18.56			0.189632
18.576			0.189555
18.592			0.189478
18.608			0.189402
18.624			0.189325
18.64			0.189248
18.656			0.189171
18.672			0.189093
18.688			0.189016
18.704			0.188938
18.72			0.188861
18.736			0.188783
18.752			0.188706
18.768			0.188628
18.784			0.18855
18.8			0.188472
18.816			0.188394
18.832			0.188315
18.848			0.188237
18.864			0.188159
18.88			0.18808
18.896			0.188002
18.912			0.187923
18.928			0.187845
18.944			0.187766
18.96			0.187687
18.976			0.187608
18.992			0.187529
19.008			0.18745
19.024			0.187371
19.04			0.187292
19.056			0.187213
19.072			0.187134
19.088			0.187054
19.104			0.186975
19.12			0.186895
19.136			0.186816
19.152			0.186737
19.168			0.186657
19.184			0.186577
19.2			0.186498
19.216			0.186418
19.232			0.186338
19.248			0.186259
19.264			0.186179
19.28			0.186099
19.296			0.186019
19.312			0.185939
19.328			0.18586
19.344			0.18578
19.36			0.1857
19.376			0.18562
19.392			0.18554
19.408			0.18546
19.424			0.18538
19.44			0.1853
19.456			0.18522
19.472			0.18514
19.488			0.18506
19.504			0.18498
19.52			0.1849
19.536			0.18482
19.552			0.18474
19.568			0.18466
19.584			0.18458
19.6			0.1845
19.616			0.18442
19.632			0.18434
19.648			0.18426
19.664			0.18418
19.68			0.1841
19.696			0.184021
19.712			0.183941
19.728			0.183861
19.744			0.183781
19.76			0.183701
19.776			0.183622
19.792			0.183542
19.808			0.183462
19.824			0.183383
19.84			0.183303
19.856			0.183224
19.872			0.183144
19.888			0.183065
19.904			0.182985
19.92			0.182906
19.936			0.182827
19.952			0.182748
19.968			0.182668
19.984			0.182589
20			0.18251
20.016			0.182431
20.032			0.182352
20.048			0.182274
20.064			0.182195
20.08			0.182116
20.096			0.182037
20.112			0.181959
20.128			0.18188
20.144			0.181802
20.16			0.181724
20.176			0.181645
20.192			0.181567
20.208			0.181489
20.224			0.181411
20.24			0.181333
20.256			0.181256
20.272			0.181178
20.288			0.1811
20.304			0.181023
20.32			0.180945
20.336			0.180868
20.352			0.180791
20.368			0.180714
20.384			0.180637
20.4			0.18056
20.416			0.180483
20.432			0.180407
20.448			0.18033
20.464			0.180254
20.48			0.180177
20.496			0.180101
20.512			0.180025
20.528			0.179949
20.544			0.179874
20.56			0.179798
20.576			0.179723
20.592			0.179647
20.608			0.179572
20.624			0.179497
20.64			0.179422
20.656			0.179347
20.672			0.179272
20.688			0.179198
20.704			0.179124
20.72			0.179049
20.736			0.178975
20.752			0.178902
20.768			0.178828
20.784			0.178754
20.8			0.178681
20.816			0.178608
20.832			0.178535
20.848			0.178462
20.864			0.178389
20.88			0.178316
20.896			0.178244
20.912			0.178172
20.928			0.1781
20.944			0.178028
20.96			0.177956
20.976			0.177885
20.992			0.177813
21.008			0.177742
21.024			0.177671
21.04			0.177601
21.056			0.17753
21.072			0.17746
21.088			0.17739
21.104			0.17732
21.12			0.17725
21.136			0.17718
21.152			0.177111
21.168			0.177042
21.184			0.176973
21.2			0.176904
21.216			0.176836
21.232			0.176768
21.248			0.1767
21.264			0.176632
21.28			0.176564
21.296			0.176497
21.312			0.17643
21.328			0.176363
21.344			0.176296
21.36			0.17623
21.376			0.176163
21.392			0.176097
21.408			0.176032
21.424			0.175966
21.44			0.175901
21.456			0.175836
21.472			0.175771
21.488			0.175707
21.504			0.175642
21.52			0.175578
21.536			0.175515
21.552			0.175451
21.568			0.175388
21.584			0.175325
21.6			0.175262
21.616			0.1752
21.632			0.175138
21.648			0.175076
21.664			0.175014
21.68			0.174953
21.696			0.174892
21.712			0.174831
21.728			0.17477
21.744			0.17471
21.76			0.17465
21.776			0.17459
21.792			0.174531
21.808			0.174472
21.824			0.174413
21.84			0.174355
21.856			0.174296
21.872			0.174238
21.888			0.174181
21.904			0.174123
21.92			0.174066
21.936			0.17401
21.952			0.173953
21.968			0.173897
21.984			0.173841
22			0.173786
22.016			0.173731
22.032			0.173676
22.048			0.173622
22.064			0.173567
22.08			0.173513
22.096			0.17346
22.112			0.173407
22.128			0.173354
22.144			0.173301
22.16			0.173249
22.176			0.173197
22.192			0.173146
22.208			0.173094
22.224			0.173044
22.24			0.172993
22.256			0.172943
22.272			0.172893
22.288			0.172844
22.304			0.172795
22.32			0.172746
22.336			0.172697
22.352			0.172649
22.368			0.172602
22.384			0.172554
22.4			0.172507
22.416			0.172461
22.432			0.172415
22.448			0.172369
22.464			0.172323
22.48			0.172278
22.496			0.172233
22.512			0.172189
22.528			0.172145
22.544			0.172101
22.56			0.172058
22.576			0.172015
22.592			0.171973
22.608			0.171931
22.624			0.171889
22.64			0.171848
22.656			0.171807
22.672			0.171767
22.688			0.171727
22.704			0.171687
22.72			0.171648
22.736			0.171609
22.752			0.171571
22.768			0.171533
22.784			0.171495
22.8			0.171458
22.816			0.171421
22.832			0.171385
22.848			0.171349
22.864			0.171313
22.88			0.171278
22.896			0.171243
22.912			0.171209
22.928			0.171175
22.944			0.171142
22.96			0.171109
22.976			0.171077
22.992			0.171045
23.008			0.171013
23.024			0.170982
23.04			0.170951
23.056			0.170921
23.072			0.170891
23.088			0.170862
23.104			0.170833
23.12			0.170804
23.136			0.170776
23.152			0.170749
23.168			0.170722
23.184			0.170695
23.2			0.170669
23.216			0.170643
23.232			0.170618
23.248			0.170593
23.264			0.170569
23.28			0.170545
23.296			0.170522
23.312			0.170499
23.328			0.170477
23.344			0.170455
23.36			0.170434
23.376			0.170413
23.392			0.170392
23.408			0.170372
23.424			0.170353
23.44			0.170334
23.456			0.170316
23.472			0.170298
23.488			0.17028
23.504			0.170263
23.52			0.170247
23.536			0.170231
23.552			0.170216
23.568			0.170201
23.584			0.170186
23.6			0.170173
23.616			0.170159
23.632			0.170146
23.648			0.170134
23.664			0.170122
23.68			0.170111
23.696			0.1701
23.712			0.17009
23.728			0.170081
23.744			0.170071
23.76			0.170063
23.776			0.170055
23.792			0.170047
23.808			0.17004
23.824			0.170034
23.84			0.170028
23.856			0.170023
23.872			0.170018
23.888			0.170014
23.904			0.17001
23.92			0.170007
23.936			0.170005
23.952			0.170003
23.968			0.170001
23.984			0.17
24			0.17
24.016			0.170001
24.032			0.170003
24.048			0.170007
24.064			0.170012
24.08			0.170019
24.096			0.170027
24.112			0.170037
24.128			0.170048
24.144			0.17006
24.16			0.170074
24.176			0.170089
24.192			0.170106
24.208			0.170124
24.224			0.170143
24.24			0.170164
24.256			0.170185
24.272			0.170209
24.288			0.170233
24.304			0.170259
24.32			0.170285
24.336			0.170313
24.352			0.170343
24.368			0.170373
24.384			0.170405
24.4			0.170437
24.416			0.170471
24.432			0.170506
24.448			0.170542
24.464			0.170579
24.48			0.170617
24.496			0.170657
24.512			0.170697
24.528			0.170738
24.544			0.17078
24.56			0.170824
24.576			0.170868
24.592			0.170913
24.608			0.170959
24.624			0.171006
24.64			0.171054
24.656			0.171103
24.672			0.171152
24.688			0.171203
24.704			0.171254
24.72			0.171306
24.736			0.171359
24.752			0.171413
24.768			0.171467
24.784			0.171523
24.8			0.171579
24.816			0.171635
24.832			0.171693
24.848			0.171751
24.864			0.17181
24.88			0.171869
24.896			0.171929
24.912			0.17199
24.928			0.172051
24.944			0.172113
24.96			0.172175
24.976			0.172238
24.992			0.172301
25.008			0.172365
25.024			0.17243
25.04			0.172495
25.056			0.17256
25.072			0.172626
25.088			0.172693
25.104			0.172759
25.12			0.172827
25.136			0.172894
25.152			0.172962
25.168			0.17303
25.184			0.173099
25.2			0.173168
25.216			0.173237
25.232			0.173307
25.248			0.173377
25.264			0.173447
25.28			0.173517
25.296			0.173588
25.312			0.173658
25.328			0.173729
25.344			0.173801
25.36			0.173872
25.376			0.173943
25.392			0.174015
25.408			0.174087
25.424			0.174158
25.44			0.17423
25.456			0.174302
25.472			0.174374
25.488			0.174446
25.504			0.174518
25.52			0.17459
25.536			0.174662
25.552			0.174734
25.568			0.174806
25.584			0.174878
25.6			0.174949
25.616			0.175021
25.632			0.175092
25.648			0.175164
25.664			0.175235
25.68			0.175306
25.696			0.175377
25.712			0.175448
25.728			0.175518
25.744			0.175588
25.76			0.175658
25.776			0.175728
25.792			0.175797
25.808			0.175867
25.824			0.175935
25.84			0.176004
25.856			0.176072
25.872			0.17614
25.888			0.176207
25.904			0.176274
25.92			0.176341
25.936			0.176407
25.952			0.176472
25.968			0.176538
25.984			0.176602
26			0.176667
26.016			0.17673
26.032			0.176794
26.048			0.176856
26.064			0.176918
26.08			0.17698
26.096			0.177041
26.112			0.177101
26.128			0.177161
26.144			0.17722
26.16			0.177278
26.176			0.177336
26.192			0.177393
26.208			0.177449
26.224			0.177505
26.24			0.17756
26.256			0.177614
26.272			0.177667
26.288			0.17772
26.304			0.177772
26.32			0.177822
26.336			0.177872
26.352			0.177922
26.368			0.17797
26.384			0.178017
26.4			0.178064
26.416			0.17811
26.432			0.178154
26.448			0.178198
26.464			0.178241
26.48			0.178283
26.496			0.178323
26.512			0.178363
26.528			0.178402
26.544			0.178439
26.56			0.178476
26.576			0.178511
26.592			0.178546
26.608			0.178579
26.624			0.178611
26.64			0.178642
26.656			0.178672
26.672			0.178701
26.688			0.178728
26.704			0.178754
26.72			0.178779
26.736			0.178803
26.752			0.178826
26.768			0.178847
26.784			0.178867
26.8			0.178885
26.816			0.178903
26.832			0.178918
26.848			0.178933
26.864			0.178946
26.88			0.178958
26.896			0.178968
26.912			0.178977
26.928			0.178985
26.944			0.178991
26.96			0.178995
26.976			0.178998
26.992			0.179
27.008			0.179
27.024			0.178999
27.04			0.178996
27.056			0.178993
27.072			0.178989
27.088			0.178983
27.104			0.178976
27.12			0.178968
27.136			0.17896
27.152			0.178949
27.168			0.178938
27.184			0.178926
27.2			0.178913
27.216			0.178898
27.232			0.178883
27.248			0.178866
27.264			0.178849
27.28			0.17883
27.296			0.17881
27.312			0.178789
27.328			0.178767
27.344			0.178744
27.36			0.17872
27.376			0.178695
27.392			0.178669
27.408			0.178642
27.424			0.178614
27.44			0.178584
27.456			0.178554
27.472			0.178523
27.488			0.17849
27.504			0.178457
27.52			0.178423
27.536			0.178387
27.552			0.178351
27.568			0.178313
27.584			0.178275
27.6			0.178235
27.616			0.178195
27.632			0.178153
27.648			0.178111
27.664			0.178067
27.68			0.178023
27.696			0.177977
27.712			0.177931
27.728			0.177883
27.744			0.177835
27.76			0.177785
27.776			0.177735
27.792			0.177684
27.808			0.177631
27.824			0.177578
27.84			0.177524
27.856			0.177469
27.872			0.177413
27.888			0.177356
27.904			0.177298
27.92			0.177239
27.936			0.177179
27.952			0.177118
27.968			0.177056
27.984			0.176994
28			0.17693
28.016			0.176866
28.032			0.1768
28.048			0.176734
28.064			0.176667
28.08			0.176598
28.096			0.176529
28.112			0.176459
28.128			0.176388
28.144			0.176317
28.16			0.176244
28.176			0.176171
28.192			0.176096
28.208			0.176021
28.224			0.175945
28.24			0.175868
28.256			0.17579
28.272			0.175711
28.288			0.175631
28.304			0.175551
28.32			0.17547
28.336			0.175387
28.352			0.175304
28.368			0.17522
28.384			0.175136
28.4			0.17505
28.416			0.174964
28.432			0.174877
28.448			0.174788
28.464			0.1747
28.48			0.17461
28.496			0.174519
28.512			0.174428
28.528			0.174336
28.544			0.174243
28.56			0.174149
28.576			0.174054
28.592			0.173959
28.608			0.173863
28.624			0.173766
28.64			0.173668
28.656			0.17357
28.672			0.17347
28.688			0.17337
28.704			0.173269
28.72			0.173168
28.736			0.173065
28.752			0.172962
28.768			0.172858
28.784			0.172753
28.8			0.172648
28.816			0.172542
28.832			0.172435
28.848			0.172327
28.864			0.172219
28.88			0.17211
28.896			0.172
28.912			0.171889
28.928			0.171778
28.944			0.171665
28.96			0.171553
28.976			0.171439
28.992			0.171325
29.008			0.17121
29.024			0.171094
29.04			0.170978
29.056			0.170861
29.072			0.170743
29.088			0.170625
29.104			0.170505
29.12			0.170386
29.136			0.170265
29.152			0.170144
29.168			0.170022
29.184			0.169899
29.2			0.169776
29.216			0.169652
29.232			0.169528
29.248			0.169402
29.264			0.169277
29.28			0.16915
29.296			0.169023
29.312			0.168895
29.328			0.168766
29.344			0.168637
29.36			0.168508
29.376			0.168377
29.392			0.168246
29.408			0.168115
29.424			0.167982
29.44			0.167849
29.456			0.167716
29.472			0.167582
29.488			0.167447
29.504			0.167312
29.52			0.167176
29.536			0.167039
29.552			0.166902
29.568			0.166764
29.584			0.166626
29.6			0.166487
29.616			0.166348
29.632			0.166207
29.648			0.166067
29.664			0.165926
29.68			0.165784
29.696			0.165641
29.712			0.165498
29.728			0.165355
29.744			0.165211
29.76			0.165066
29.776			0.164921
29.792			0.164776
29.808			0.164629
29.824			0.164483
29.84			0.164335
29.856			0.164187
29.872			0.164039
29.888			0.16389
29.904			0.163741
29.92			0.163591
29.936			0.16344
29.952			0.163289
29.968			0.163138
29.984			0.162986
30			0.162833
30.016			0.16268
30.032			0.162527
30.048			0.162373
30.064			0.162218
30.08			0.162063
30.096			0.161908
30.112			0.161752
30.128			0.161596
30.144			0.161439
30.16			0.161281
30.176			0.161124
30.192			0.160965
30.208			0.160807
30.224			0.160648
30.24			0.160488
30.256			0.160328
30.272			0.160167
30.288			0.160006
30.304			0.159845
30.32			0.159683
30.336			0.159521
30.352			0.159358
30.368			0.159195
30.384			0.159031
30.4			0.158867
30.416			0.158703
30.432			0.158538
30.448			0.158373
30.464			0.158208
30.48			0.158042
30.496			0.157875
30.512			0.157708
30.528			0.157541
30.544			0.157374
30.56			0.157206
30.576			0.157037
30.592			0.156868
30.608			0.156699
30.624			0.15653
30.64			0.15636
30.656			0.15619
30.672			0.156019
30.688			0.155848
30.704			0.155677
30.72			0.155505
30.736			0.155333
30.752			0.155161
30.768			0.154988
30.784			0.154815
30.8			0.154642
30.816			0.154468
30.832			0.154294
30.848			0.15412
30.864			0.153945
30.88			0.153771
30.896			0.153595
30.912			0.15342
30.928			0.153244
30.944			0.153068
30.96			0.152891
30.976			0.152714
30.992			0.152537
31.008			0.15236
31.024			0.152182
31.04			0.152004
31.056			0.151826
31.072			0.151647
31.088			0.151469
31.104			0.15129
31.12			0.15111
31.136			0.150931
31.152			0.150751
31.168			0.150571
31.184			0.15039
31.2			0.15021
31.216			0.150029
31.232			0.149848
31.248			0.149666
31.264			0.149485
31.28			0.149303
31.296			0.149121
31.312			0.148939
31.328			0.148756
31.344			0.148574
31.36			0.148391
31.376			0.148207
31.392			0.148024
31.408			0.147841
31.424			0.147657
31.44			0.147473
31.456			0.147289
31.472			0.147104
31.488			0.14692
31.504			0.146735
31.52			0.14655
31.536			0.146365
31.552			0.14618
31.568			0.145994
31.584			0.145809
31.6			0.145623
31.616			0.145437
31.632			0.145251
31.648			0.145065
31.664			0.144878
31.68			0.144692
31.696			0.144505
31.712			0.144318
31.728			0.144131
31.744			0.143944
31.76			0.143757
31.776			0.143569
31.792			0.143382
31.808			0.143194
31.824			0.143006
31.84			0.142818
31.856			0.142631
31.872			0.142442
31.888			0.142254
31.904			0.142066
31.92			0.141878
31.936			0.141689
31.952			0.1415
31.968			0.141312
31.984			0.141123
32			0.140934
32.016			0.140745
32.032			0.140556
32.048			0.140367
32.064			0.140178
32.08			0.139989
32.096			0.139799
32.112			0.13961
32.128			0.139421
32.144			0.139231
32.16			0.139042
32.176			0.138852
32.192			0.138663
32.208			0.138473
32.224			0.138283
32.24			0.138094
32.256			0.137904
32.272			0.137714
32.288			0.137525
32.304			0.137335
32.32			0.137145
32.336			0.136955
32.352			0.136765
32.368			0.136576
32.384			0.136386
32.4			0.136196
32.416			0.136006
32.432			0.135816
32.448			0.135627
32.464			0.135437
32.48			0.135247
32.496			0.135057
32.512			0.134868
32.528			0.134678
32.544			0.134488
32.56			0.134299
32.576			0.134109
32.592			0.13392
32.608			0.13373
32.624			0.133541
32.64			0.133351
32.656			0.133162
32.672			0.132973
32.688			0.132783
32.704			0.132594
32.72			0.132405
32.736			0.132216
32.752			0.132027
32.768			0.131838
32.784			0.13165
32.8			0.131461
32.816			0.131272
32.832			0.131084
32.848			0.130895
32.864			0.130707
32.88			0.130519
32.896			0.130331
32.912			0.130143
32.928			0.129955
32.944			0.129767
32.96			0.12958
32.976			0.129392
32.992			0.129205
33.008			0.129017
33.024			0.12883
33.04			0.128643
33.056			0.128456
33.072			0.12827
33.088			0.128083
33.104			0.127897
33.12			0.127711
33.136			0.127524
33.152			0.127339
33.168			0.127153
33.184			0.126967
33.2			0.126782
33.216			0.126596
33.232			0.126411
33.248			0.126226
33.264			0.126042
33.28			0.125857
33.296			0.125673
33.312			0.125489
33.328			0.125305
33.344			0.125121
33.36			0.124937
33.376			0.124754
33.392			0.124571
33.408			0.124388
33.424			0.124205
33.44			0.124023
33.456			0.12384
33.472			0.123658
33.488			0.123477
33.504			0.123295
33.52			0.123114
33.536			0.122933
33.552			0.122752
33.568			0.122571
33.584			0.122391
33.6			0.122211
33.616			0.122031
33.632			0.121851
33.648			0.121672
33.664			0.121493
33.68			0.121314
33.696			0.121136
33.712			0.120957
33.728			0.120779
33.744			0.120602
33.76			0.120424
33.776			0.120247
33.792			0.12007
33.808			0.119894
33.824			0.119718
33.84			0.119542
33.856			0.119366
33.872			0.119191
33.888			0.119016
33.904			0.118841
33.92			0.118667
33.936			0.118493
33.952			0.118319
33.968			0.118146
33.984			0.117973
34			0.1178
34.016			0.117628
34.032			0.117456
34.048			0.117284
34.064			0.117113
34.08			0.116942
34.096			0.116772
34.112			0.116601
34.128			0.116432
34.144			0.116262
34.16			0.116093
34.176			0.115924
34.192			0.115756
34.208			0.115588
34.224			0.11542
34.24			0.115253
34.256			0.115086
34.272			0.11492
34.288			0.114754
34.304			0.114588
34.32			0.114423
34.336			0.114258
34.352			0.114094
34.368			0.11393
34.384			0.113767
34.4			0.113603
34.416			0.113441
34.432			0.113278
34.448			0.113117
34.464			0.112955
34.48			0.112794
34.496			0.112634
34.512			0.112474
34.528			0.112314
34.544			0.112155
34.56			0.111996
34.576			0.111838
34.592			0.11168
34.608			0.111523
34.624			0.111366
34.64			0.11121
34.656			0.111054
34.672			0.110898
34.688			0.110743
34.704			0.110589
34.72			0.110435
34.736			0.110281
34.752			0.110128
34.768			0.109976
34.784			0.109824
34.8			0.109672
34.816			0.109521
34.832			0.109371
34.848			0.109221
34.864			0.109072
34.88			0.108923
34.896			0.108774
34.912			0.108627
34.928			0.108479
34.944			0.108332
34.96			0.108186
34.976			0.108041
34.992			0.107895
35.008			0.107751
35.024			0.107607
35.04			0.107463
35.056			0.10732
35.072			0.107178
35.088			0.107036
35.104			0.106895
35.12			0.106754
35.136			0.106614
35.152			0.106475
35.168			0.106336
35.184			0.106198
35.2			0.10606
35.216			0.105923
35.232			0.105786
35.248			0.10565
35.264			0.105515
35.28			0.10538
35.296			0.105246
35.312			0.105112
35.328			0.10498
35.344			0.104847
35.36			0.104716
35.376			0.104585
35.392			0.104454
35.408			0.104325
35.424			0.104195
35.44			0.104067
35.456			0.103939
35.472			0.103812
35.488			0.103685
35.504			0.103559
35.52			0.103434
35.536			0.10331
35.552			0.103186
35.568			0.103063
35.584			0.10294
35.6			0.102818
35.616			0.102697
35.632			0.102576
35.648			0.102457
35.664			0.102337
35.68			0.102219
35.696			0.102101
35.712			0.101984
35.728			0.101868
35.744			0.101752
35.76			0.101637
35.776			0.101523
35.792			0.101409
35.808			0.101297
35.824			0.101184
35.84			0.101073
35.856			0.100962
35.872			0.100853
35.888			0.100743
35.904			0.100635
35.92			0.100527
35.936			0.10042
35.952			0.100314
35.968			0.100209
35.984			0.100104
36			0.1
36.016			0.0998965
36.032			0.0997932
36.048			0.0996901
36.064			0.0995871
36.08			0.0994842
36.096			0.0993816
36.112			0.099279
36.128			0.0991767
36.144			0.0990745
36.16			0.0989725
36.176			0.0988706
36.192			0.0987689
36.208			0.0986673
36.224			0.0985659
36.24			0.0984647
36.256			0.0983636
36.272			0.0982626
36.288			0.0981619
36.304			0.0980613
36.32			0.0979608
36.336			0.0978605
36.352			0.0977604
36.368			0.0976604
36.384			0.0975605
36.4			0.0974608
36.416			0.0973613
36.432			0.0972619
36.448			0.0971627
36.464			0.0970637
36.48			0.0969648
36.496			0.096866
36.512			0.0967674
36.528			0.0966689
36.544			0.0965706
36.56			0.0964725
36.576			0.0963745
36.592			0.0962767
36.608			0.096179
36.624			0.0960814
36.64			0.0959841
36.656			0.0958868
36.672			0.0957897
36.688			0.0956928
36.704			0.095596
36.72			0.0954994
36.736			0.0954029
36.752			0.0953066
36.768			0.0952104
36.784			0.0951144
36.8			0.0950185
36.816			0.0949228
36.832			0.0948272
36.848			0.0947317
36.864			0.0946364
36.88			0.0945413
36.896			0.0944463
36.912			0.0943515
36.928			0.0942567
36.944			0.0941622
36.96			0.0940678
36.976			0.0939735
36.992			0.0938794
37.008			0.0937854
37.024			0.0936916
37.04			0.0935979
37.056			0.0935044
37.072			0.093411
37.088			0.0933177
37.104			0.0932246
37.12			0.0931317
37.136			0.0930389
37.152			0.0929462
37.168			0.0928537
37.184			0.0927613
37.2			0.092669
37.216			0.0925769
37.232			0.092485
37.248			0.0923932
37.264			0.0923015
37.28			0.0922099
37.296			0.0921185
37.312			0.0920273
37.328			0.0919362
37.344			0.0918452
37.36			0.0917544
37.376			0.0916637
37.392			0.0915731
37.408			0.0914827
37.424			0.0913924
37.44			0.0913023
37.456			0.0912123
37.472			0.0911225
37.488			0.0910327
37.504			0.0909432
37.52			0.0908537
37.536			0.0907644
37.552			0.0906752
37.568			0.0905862
37.584			0.0904973
37.6			0.0904085
37.616			0.0903199
37.632			0.0902314
37.648			0.0901431
37.664			0.0900548
37.68			0.0899668
37.696			0.0898788
37.712			0.089791
37.728			0.0897033
37.744			0.0896158
37.76			0.0895284
37.776			0.0894411
37.792			0.0893539
37.808			0.0892669
37.824			0.0891801
37.84			0.0890933
37.856			0.0890067
37.872			0.0889202
37.888			0.0888339
37.904			0.0887476
37.92			0.0886616
37.936			0.0885756
37.952			0.0884898
37.968			0.0884041
37.984			0.0883185
38			0.0882331
38.016			0.0881478
38.032			0.0880626
38.048			0.0879775
38.064			0.0878926
38.08			0.0878078
38.096			0.0877232
38.112			0.0876386
38.128			0.0875542
38.144			0.08747
38.16			0.0873858
38.176			0.0873018
38.192			0.0872179
38.208			0.0871341
38.224			0.0870505
38.24			0.086967
38.256			0.0868836
38.272			0.0868003
38.288			0.0867172
38.304			0.0866342
38.32			0.0865513
38.336			0.0864685
38.352			0.0863859
38.368			0.0863034
38.384			0.086221
38.4			0.0861387
38.416			0.0860566
38.432			0.0859746
38.448			0.0858927
38.464			0.0858109
38.48			0.0857292
38.496			0.0856477
38.512			0.0855663
38.528			0.085485
38.544			0.0854039
38.56			0.0853228
38.576			0.0852419
38.592			0.0851611
38.608			0.0850804
38.624			0.0849998
38.64			0.0849194
38.656			0.0848391
38.672			0.0847589
38.688			0.0846788
38.704			0.0845988
38.72			0.084519
38.736			0.0844393
38.752			0.0843597
38.768			0.0842802
38.784			0.0842008
38.8			0.0841215
38.816			0.0840424
38.832			0.0839634
38.848			0.0838845
38.864			0.0838057
38.88			0.083727
38.896			0.0836485
38.912			0.08357
38.928			0.0834917
38.944			0.0834135
38.96			0.0833354
38.976			0.0832574
38.992			0.0831796
39.008			0.0831018
39.024			0.0830242
39.04			0.0829467
39.056			0.0828693
39.072			0.082792
39.088			0.0827148
39.104			0.0826377
39.12			0.0825607
39.136			0.0824839
39.152			0.0824072
39.168			0.0823305
39.184			0.082254
39.2			0.0821776
39.216			0.0821013
39.232			0.0820252
39.248			0.0819491
39.264			0.0818731
39.28			0.0817973
39.296			0.0817216
39.312			0.0816459
39.328			0.0815704
39.344			0.081495
39.36			0.0814197
39.376			0.0813445
39.392			0.0812694
39.408			0.0811945
39.424			0.0811196
39.44			0.0810448
39.456			0.0809702
39.472			0.0808956
39.488			0.0808212
39.504			0.0807468
39.52			0.0806726
39.536			0.0805985
39.552			0.0805245
39.568			0.0804506
39.584			0.0803768
39.6			0.0803031
39.616			0.0802295
39.632			0.080156
39.648			0.0800826
39.664			0.0800093
39.68			0.0799361
39.696			0.079863
39.712			0.0797901
39.728			0.0797172
39.744			0.0796444
39.76			0.0795718
39.776			0.0794992
39.792			0.0794267
39.808			0.0793544
39.824			0.0792821
39.84			0.07921
39.856			0.0791379
39.872			0.0790659
39.888			0.0789941
39.904			0.0789223
39.92			0.0788507
39.936			0.0787791
39.952			0.0787077
39.968			0.0786363
39.984			0.078565
40			0.0784939
40.016			0.0784228
40.032			0.0783519
40.048			0.078281
40.064			0.0782102
40.08			0.0781396
40.096			0.078069
40.112			0.0779985
40.128			0.0779281
40.144			0.0778578
40.16			0.0777877
40.176			0.0777176
40.192			0.0776476
40.208			0.0775777
40.224			0.0775079
40.24			0.0774381
40.256			0.0773685
40.272			0.077299
40.288			0.0772296
40.304			0.0771602
40.32			0.077091
40.336			0.0770219
40.352			0.0769528
40.368			0.0768838
40.384			0.076815
40.4			0.0767462
40.416			0.0766775
40.432			0.0766089
40.448			0.0765404
40.464			0.076472
40.48			0.0764037
40.496			0.0763355
40.512			0.0762673
40.528			0.0761993
40.544			0.0761313
40.56			0.0760635
40.576			0.0759957
40.592			0.075928
40.608			0.0758604
40.624			0.0757929
40.64			0.0757255
40.656			0.0756581
40.672			0.0755909
40.688			0.0755237
40.704			0.0754567
40.72			0.0753897
40.736			0.0753228
40.752			0.075256
40.768			0.0751892
40.784			0.0751226
40.8			0.0750561
40.816			0.0749896
40.832			0.0749232
40.848			0.0748569
40.864			0.0747907
40.88			0.0747246
40.896			0.0746586
40.912			0.0745926
40.928			0.0745267
40.944			0.0744609
40.96			0.0743952
40.976			0.0743296
40.992			0.0742641
41.008			0.0741986
41.024			0.0741333
41.04			0.074068
41.056			0.0740028
41.072			0.0739376
41.088			0.0738726
41.104			0.0738076
41.12			0.0737427
41.136			0.0736779
41.152			0.0736132
41.168			0.0735486
41.184			0.073484
41.2			0.0734195
41.216			0.0733551
41.232			0.0732908
41.248			0.0732266
41.264			0.0731624
41.28			0.0730983
41.296			0.0730343
41.312			0.0729704
41.328			0.0729066
41.344			0.0728428
41.36			0.0727791
41.376			0.0727155
41.392			0.0726519
41.408			0.0725885
41.424			0.0725251
41.44			0.0724618
41.456			0.0723985
41.472			0.0723354
41.488			0.0722723
41.504			0.0722093
41.52			0.0721463
41.536			0.0720835
41.552			0.0720207
41.568			0.071958
41.584			0.0718953
41.6			0.0718327
41.616			0.0717702
41.632			0.0717078
41.648			0.0716455
41.664			0.0715832
41.68			0.071521
41.696			0.0714589
41.712			0.0713968
41.728			0.0713348
41.744			0.0712729
41.76			0.0712111
41.776			0.0711493
41.792			0.0710876
41.808			0.0710259
41.824			0.0709644
41.84			0.0709029
41.856			0.0708415
41.872			0.0707801
41.888			0.0707188
41.904			0.0706576
41.92			0.0705964
41.936			0.0705354
41.952			0.0704744
41.968			0.0704134
41.984			0.0703525
42			0.0702917
42.016			0.070231
42.032			0.0701703
42.048			0.0701097
42.064			0.0700491
42.08			0.0699887
42.096			0.0699282
42.112			0.0698679
42.128			0.0698076
42.144			0.0697474
42.16			0.0696872
42.176			0.0696272
42.192			0.0695671
42.208			0.0695072
42.224			0.0694473
42.24			0.0693874
42.256			0.0693277
42.272			0.069268
42.288			0.0692083
42.304			0.0691487
42.32			0.0690892
42.336			0.0690298
42.352			0.0689704
42.368			0.068911
42.384			0.0688518
42.4			0.0687925
42.416			0.0687334
42.432			0.0686743
42.448			0.0686153
42.464			0.0685563
42.48			0.0684974
42.496			0.0684385
42.512			0.0683797
42.528			0.068321
42.544			0.0682623
42.56			0.0682037
42.576			0.0681451
42.592			0.0680866
42.608			0.0680282
42.624			0.0679698
42.64			0.0679115
42.656			0.0678532
42.672			0.067795
42.688			0.0677368
42.704			0.0676787
42.72			0.0676207
42.736			0.0675627
42.752			0.0675048
42.768			0.0674469
42.784			0.0673891
42.8			0.0673313
42.816			0.0672736
42.832			0.0672159
42.848			0.0671583
42.864			0.0671007
42.88			0.0670432
42.896			0.0669858
42.912			0.0669284
42.928			0.0668711
42.944			0.0668138
42.96			0.0667565
42.976			0.0666993
42.992			0.0666422
43.008			0.0665851
43.024			0.0665281
43.04			0.0664711
43.056			0.0664142
43.072			0.0663573
43.088			0.0663005
43.104			0.0662437
43.12			0.066187
43.136			0.0661303
43.152			0.0660736
43.168			0.0660171
43.184			0.0659605
43.2			0.065904
43.216			0.0658476
43.232			0.0657912
43.248			0.0657349
43.264			0.0656786
43.28			0.0656223
43.296			0.0655661
43.312			0.06551
43.328			0.0654539
43.344			0.0653978
43.36			0.0653418
43.376			0.0652858
43.392			0.0652299
43.408			0.065174
43.424			0.0651182
43.44			0.0650624
43.456			0.0650066
43.472			0.0649509
43.488			0.0648953
43.504			0.0648396
43.52			0.0647841
43.536			0.0647285
43.552			0.0646731
43.568			0.0646176
43.584			0.0645622
43.6			0.0645069
43.616			0.0644515
43.632			0.0643963
43.648			0.064341
43.664			0.0642858
43.68			0.0642307
43.696			0.0641756
43.712			0.0641205
43.728			0.0640655
43.744			0.0640105
43.76			0.0639555
43.776			0.0639006
43.792			0.0638457
43.808			0.0637909
43.824			0.0637361
43.84			0.0636814
43.856			0.0636266
43.872			0.063572
43.888			0.0635173
43.904			0.0634627
43.92			0.0634081
43.936			0.0633536
43.952			0.0632991
43.968			0.0632446
43.984			0.0631902
44			0.0631358
44.016			0.0630815
44.032			0.0630272
44.048			0.0629729
44.064			0.0629186
44.08			0.0628644
44.096			0.0628102
44.112			0.0627561
44.128			0.062702
44.144			0.0626479
44.16			0.0625939
44.176			0.0625398
44.192			0.0624859
44.208			0.0624319
44.224			0.062378
44.24			0.0623241
44.256			0.0622703
44.272			0.0622165
44.288			0.0621627
44.304			0.0621089
44.32			0.0620552
44.336			0.0620015
44.352			0.0619478
44.368			0.0618942
44.384			0.0618406
44.4			0.061787
44.416			0.0617335
44.432			0.06168
44.448			0.0616265
44.464			0.061573
44.48			0.0615196
44.496			0.0614662
44.512			0.0614128
44.528			0.0613595
44.544			0.0613061
44.56			0.0612528
44.576			0.0611996
44.592			0.0611463
44.608			0.0610931
44.624			0.0610399
44.64			0.0609868
44.656			0.0609336
44.672			0.0608805
44.688			0.0608274
44.704			0.0607744
44.72			0.0607213
44.736			0.0606683
44.752			0.0606153
44.768			0.0605624
44.784			0.0605094
44.8			0.0604565
44.816			0.0604036
44.832			0.0603507
44.848			0.0602979
44.864			0.0602451
44.88			0.0601923
44.896			0.0601395
44.912			0.0600867
44.928			0.060034
44.944			0.0599813
44.96			0.0599286
44.976			0.0598759
44.992			0.0598232
45.008			0.0597706
45.024			0.059718
45.04			0.0596654
45.056			0.0596128
45.072			0.0595602
45.088			0.0595077
45.104			0.0594551
45.12			0.0594026
45.136			0.0593501
45.152			0.0592977
45.168			0.0592452
45.184			0.0591928
45.2			0.0591404
45.216			0.059088
45.232			0.0590356
45.248			0.0589832
45.264			0.0589309
45.28			0.0588785
45.296			0.0588262
45.312			0.0587739
45.328			0.0587216
45.344			0.0586693
45.36			0.0586171
45.376			0.0585648
45.392			0.0585126
45.408			0.0584604
45.424			0.0584081
45.44			0.058356
45.456			0.0583038
45.472			0.0582516
45.488			0.0581994
45.504			0.0581473
45.52			0.0580952
45.536			0.058043
45.552			0.0579909
45.568			0.0579388
45.584			0.0578868
45.6			0.0578347
45.616			0.0577826
45.632			0.0577306
45.648			0.0576785
45.664			0.0576265
45.68			0.0575744
45.696			0.0575224
45.712			0.0574704
45.728			0.0574184
45.744			0.0573664
45.76			0.0573144
45.776			0.0572625
45.792			0.0572105
45.808			0.0571585
45.824			0.0571066
45.84			0.0570546
45.856			0.0570027
45.872			0.0569508
45.888			0.0568988
45.904			0.0568469
45.92			0.056795
45.936			0.0567431
45.952			0.0566912
45.968			0.0566393
45.984			0.0565874
46			0.0565355
46.016			0.0564836
46.032			0.0564317
46.048			0.0563799
46.064			0.056328
46.08			0.0562761
46.096			0.0562242
46.112			0.0561724
46.128			0.0561205
46.144			0.0560686
46.16			0.0560168
46.176			0.0559649
46.192			0.0559131
46.208			0.0558612
46.224			0.0558093
46.24			0.0557575
46.256			0.0557056
46.272			0.0556538
46.288			0.0556019
46.304			0.0555501
46.32			0.0554982
46.336			0.0554464
46.352			0.0553945
46.368			0.0553426
46.384			0.0552908
46.4			0.0552389
46.416			0.0551871
46.432			0.0551352
46.448			0.0550833
46.464			0.0550314
46.48			0.0549796
46.496			0.0549277
46.512			0.0548758
46.528			0.0548239
46.544			0.054772
46.56			0.0547201
46.576			0.0546682
46.592			0.0546163
46.608			0.0545644
46.624			0.0545125
46.64			0.0544606
46.656			0.0544087
46.672			0.0543567
46.688			0.0543048
46.704			0.0542528
46.72			0.0542009
46.736			0.0541489
46.752			0.054097
46.768			0.054045
46.784			0.053993
46.8			0.053941
46.816			0.053889
46.832			0.053837
46.848			0.053785
46.864			0.0537329
46.88			0.0536809
46.896			0.0536289
46.912			0.0535768
46.928			0.0535247
46.944			0.0534727
46.96			0.0534206
46.976			0.0533685
46.992			0.0533164
47.008			0.0532643
47.024			0.0532121
47.04			0.05316
47.056			0.0531078
47.072			0.0530557
47.088			0.0530035
47.104			0.0529513
47.12			0.0528991
47.136			0.0528469
47.152			0.0527946
47.168			0.0527424
47.184			0.0526901
47.2			0.0526378
47.216			0.0525855
47.232			0.0525332
47.248			0.0524809
47.264			0.0524286
47.28			0.0523762
47.296			0.0523238
47.312			0.0522715
47.328			0.0522191
47.344			0.0521666
47.36			0.0521142
47.376			0.0520618
47.392			0.0520093
47.408			0.0519568
47.424			0.0519043
47.44			0.0518518
47.456			0.0517992
47.472			0.0517467
47.488			0.0516941
47.504			0.0516415
47.52			0.0515889
47.536			0.0515362
47.552			0.0514836
47.568			0.0514309
47.584			0.0513782
47.6			0.0513255
47.616			0.0512727
47.632			0.05122
47.648			0.0511672
47.664			0.0511144
47.68			0.0510615
47.696			0.0510087
47.712			0.0509558
47.728			0.0509029
47.744			0.05085
47.76			0.0507971
47.776			0.0507441
47.792			0.0506911
47.808			0.0506381
47.824			0.0505851
47.84			0.050532
47.856			0.0504789
47.872			0.0504258
47.888			0.0503727
47.904			0.0503195
47.92			0.0502663
47.936			0.0502131
47.952			0.0501599
47.968			0.0501066
47.984			0.0500533
48			0.05
48.016			0.0499467
48.032			0.0498934
48.048			0.0498402
48.064			0.0497871
48.08			0.049734
48.096			0.049681
48.112			0.049628
48.128			0.049575
48.144			0.0495222
48.16			0.0494693
48.176			0.0494165
48.192			0.0493638
48.208			0.0493111
48.224			0.0492585
48.24			0.049206
48.256			0.0491534
48.272			0.049101
48.288			0.0490486
48.304			0.0489962
48.32			0.0489439
48.336			0.0488917
48.352			0.0488394
48.368			0.0487873
48.384			0.0487352
48.4			0.0486831
48.416			0.0486312
48.432			0.0485792
48.448			0.0485273
48.464			0.0484755
48.48			0.0484237
48.496			0.0483719
48.512			0.0483203
48.528			0.0482686
48.544			0.048217
48.56			0.0481655
48.576			0.048114
48.592			0.0480626
48.608			0.0480112
48.624			0.0479599
48.64			0.0479086
48.656			0.0478573
48.672			0.0478062
48.688			0.047755
48.704			0.047704
48.72			0.0476529
48.736			0.0476019
48.752			0.047551
48.768			0.0475001
48.784			0.0474493
48.8			0.0473985
48.816			0.0473478
48.832			0.0472971
48.848			0.0472465
48.864			0.0471959
48.88			0.0471454
48.896			0.0470949
48.912			0.0470444
48.928			0.0469941
48.944			0.0469437
48.96			0.0468934
48.976			0.0468432
48.992			0.046793
49.008			0.0467429
49.024			0.0466928
49.04			0.0466427
49.056			0.0465928
49.072			0.0465428
49.088			0.0464929
49.104			0.0464431
49.12			0.0463933
49.136			0.0463435
49.152			0.0462938
49.168			0.0462442
49.184			0.0461946
49.2			0.046145
49.216			0.0460955
49.232			0.046046
49.248			0.0459966
49.264			0.0459473
49.28			0.0458979
49.296			0.0458487
49.312			0.0457994
49.328			0.0457503
49.344			0.0457011
49.36			0.0456521
49.376			0.045603
49.392			0.045554
49.408			0.0455051
49.424			0.0454562
49.44			0.0454074
49.456			0.0453586
49.472			0.0453098
49.488			0.0452611
49.504			0.0452125
49.52			0.0451638
49.536			0.0451153
49.552			0.0450668
49.568			0.0450183
49.584			0.0449699
49.6			0.0449215
49.616			0.0448732
49.632			0.0448249
49.648			0.0447766
49.664			0.0447284
49.68			0.0446803
49.696			0.0446322
49.712			0.0445841
49.728			0.0445361
49.744			0.0444881
49.76			0.0444402
49.776			0.0443924
49.792			0.0443445
49.808			0.0442967
49.824			0.044249
49.84			0.0442013
49.856			0.0441537
49.872			0.0441061
49.888			0.0440585
49.904			0.044011
49.92			0.0439635
49.936			0.0439161
49.952			0.0438687
49.968			0.0438214
49.984			0.0437741
50			0.0437269
50.016			0.0436797
50.032			0.0436325
50.048			0.0435854
50.064			0.0435383
50.08			0.0434913
50.096			0.0434443
50.112			0.0433974
50.128			0.0433505
50.144			0.0433036
50.16			0.0432568
50.176			0.0432101
50.192			0.0431634
50.208			0.0431167
50.224			0.0430701
50.24			0.0430235
50.256			0.0429769
50.272			0.0429304
50.288			0.042884
50.304			0.0428376
50.32			0.0427912
50.336			0.0427449
50.352			0.0426986
50.368			0.0426524
50.384			0.0426062
50.4			0.04256
50.416			0.0425139
50.432			0.0424678
50.448			0.0424218
50.464			0.0423758
50.48			0.0423299
50.496			0.042284
50.512			0.0422381
50.528			0.0421923
50.544			0.0421465
50.56			0.0421008
50.576			0.0420551
50.592			0.0420095
50.608			0.0419638
50.624			0.0419183
50.64			0.0418728
50.656			0.0418273
50.672			0.0417818
50.688			0.0417364
50.704			0.0416911
50.72			0.0416458
50.736			0.0416005
50.752			0.0415553
50.768			0.0415101
50.784			0.0414649
50.8			0.0414198
50.816			0.0413747
50.832			0.0413297
50.848			0.0412847
50.864			0.0412398
50.88			0.0411949
50.896			0.04115
50.912			0.0411052
50.928			0.0410604
50.944			0.0410157
50.96			0.040971
50.976			0.0409263
50.992			0.0408817
51.008			0.0408371
51.024			0.0407925
51.04			0.040748
51.056			0.0407036
51.072			0.0406592
51.088			0.0406148
51.104			0.0405704
51.12			0.0405261
51.136			0.0404819
51.152			0.0404376
51.168			0.0403934
51.184			0.0403493
51.2			0.0403052
51.216			0.0402611
51.232			0.0402171
51.248			0.0401731
51.264			0.0401291
51.28			0.0400852
51.296			0.0400414
51.312			0.0399975
51.328			0.0399537
51.344			0.03991
51.36			0.0398662
51.376			0.0398226
51.392			0.0397789
51.408			0.0397353
51.424			0.0396917
51.44			0.0396482
51.456			0.0396047
51.472			0.0395613
51.488			0.0395179
51.504			0.0394745
51.52			0.0394311
51.536			0.0393878
51.552			0.0393446
51.568			0.0393013
51.584			0.0392582
51.6			0.039215
51.616			0.0391719
51.632			0.0391288
51.648			0.0390858
51.664			0.0390428
51.68			0.0389998
51.696			0.0389569
51.712			0.038914
51.728			0.0388711
51.744			0.0388283
51.76			0.0387855
51.776			0.0387428
51.792			0.0387001
51.808			0.0386574
51.824			0.0386148
51.84			0.0385722
51.856			0.0385296
51.872			0.0384871
51.888			0.0384446
51.904			0.0384021
51.92			0.0383597
51.936			0.0383173
51.952			0.038275
51.968			0.0382327
51.984			0.0381904
52			0.0381482
52.016			0.0381059
52.032			0.0380638
52.048			0.0380216
52.064			0.0379795
52.08			0.0379375
52.096			0.0378955
52.112			0.0378535
52.128			0.0378115
52.144			0.0377696
52.16			0.0377277
52.176			0.0376858
52.192			0.037644
52.208			0.0376022
52.224			0.0375605
52.24			0.0375188
52.256			0.0374771
52.272			0.0374355
52.288			0.0373938
52.304			0.0373523
52.32			0.0373107
52.336			0.0372692
52.352			0.0372277
52.368			0.0371863
52.384			0.0371449
52.4			0.0371035
52.416			0.0370622
52.432			0.0370209
52.448			0.0369796
52.464			0.0369384
52.48			0.0368972
52.496			0.036856
52.512			0.0368149
52.528			0.0367738
52.544			0.0367327
52.56			0.0366916
52.576			0.0366506
52.592			0.0366097
52.608			0.0365687
52.624			0.0365278
52.64			0.0364869
52.656			0.0364461
52.672			0.0364053
52.688			0.0363645
52.704			0.0363238
52.72			0.0362831
52.736			0.0362424
52.752			0.0362017
52.768			0.0361611
52.784			0.0361206
52.8			0.03608
52.816			0.0360395
52.832			0.035999
52.848			0.0359585
52.864			0.0359181
52.88			0.0358777
52.896			0.0358374
52.912			0.0357971
52.928			0.0357568
52.944			0.0357165
52.96			0.0356763
52.976			0.0356361
52.992			0.0355959
53.008			0.0355557
53.024			0.0355156
53.04			0.0354756
53.056			0.0354355
53.072			0.0353955
53.088			0.0353555
53.104			0.0353156
53.12			0.0352756
53.136			0.0352357
53.152			0.0351959
53.168			0.0351561
53.184			0.0351163
53.2			0.0350765
53.216			0.0350367
53.232			0.034997
53.248			0.0349574
53.264			0.0349177
53.28			0.0348781
53.296			0.0348385
53.312			0.0347989
53.328			0.0347594
53.344			0.0347199
53.36			0.0346804
53.376			0.034641
53.392			0.0346016
53.408			0.0345622
53.424			0.0345228
53.44			0.0344835
53.456			0.0344442
53.472			0.0344049
53.488			0.0343657
53.504			0.0343265
53.52			0.0342873
53.536			0.0342482
53.552			0.0342091
53.568			0.03417
53.584			0.0341309
53.6			0.0340919
53.616			0.0340528
53.632			0.0340139
53.648			0.0339749
53.664			0.033936
53.68			0.0338971
53.696			0.0338582
53.712			0.0338194
53.728			0.0337806
53.744			0.0337418
53.76			0.033703
53.776			0.0336643
53.792			0.0336256
53.808			0.0335869
53.824			0.0335483
53.84			0.0335097
53.856			0.0334711
53.872			0.0334325
53.888			0.033394
53.904			0.0333555
53.92			0.033317
53.936			0.0332786
53.952			0.0332401
53.968			0.0332017
53.984			0.0331633
54			0.033125
54.016			0.0330867
54.032			0.0330484
54.048			0.0330101
54.064			0.0329719
54.08			0.0329337
54.096			0.0328955
54.112			0.0328573
54.128			0.0328192
54.144			0.0327811
54.16			0.032743
54.176			0.0327049
54.192			0.0326669
54.208			0.0326289
54.224			0.0325909
54.24			0.032553
54.256			0.032515
54.272			0.0324771
54.288			0.0324393
54.304			0.0324014
54.32			0.0323636
54.336			0.0323258
54.352			0.032288
54.368			0.0322502
54.384			0.0322125
54.4			0.0321748
54.416			0.0321371
54.432			0.0320995
54.448			0.0320619
54.464			0.0320243
54.48			0.0319867
54.496			0.0319491
54.512			0.0319116
54.528			0.0318741
54.544			0.0318366
54.56			0.0317992
54.576			0.0317617
54.592			0.0317243
54.608			0.0316869
54.624			0.0316496
54.64			0.0316122
54.656			0.0315749
54.672			0.0315376
54.688			0.0315004
54.704			0.0314631
54.72			0.0314259
54.736			0.0313887
54.752			0.0313516
54.768			0.0313144
54.784			0.0312773
54.8			0.0312402
54.816			0.0312031
54.832			0.0311661
54.848			0.031129
54.864			0.031092
54.88			0.031055
54.896			0.0310181
54.912			0.0309811
54.928			0.0309442
54.944			0.0309073
54.96			0.0308704
54.976			0.0308336
54.992			0.0307968
55.008			0.03076
55.024			0.0307232
55.04			0.0306864
55.056			0.0306497
55.072			0.030613
55.088			0.0305763
55.104			0.0305396
55.12			0.0305029
55.136			0.0304663
55.152			0.0304297
55.168			0.0303931
55.184			0.0303565
55.2			0.03032
55.216			0.0302835
55.232			0.030247
55.248			0.0302105
55.264			0.030174
55.28			0.0301376
55.296			0.0301012
55.312			0.0300648
55.328			0.0300284
55.344			0.0299921
55.36			0.0299557
55.376			0.0299194
55.392			0.0298831
55.408			0.0298468
55.424			0.0298106
55.44			0.0297744
55.456			0.0297382
55.472			0.029702
55.488			0.0296658
55.504			0.0296296
55.52			0.0295935
55.536			0.0295574
55.552			0.0295213
55.568			0.0294852
55.584			0.0294492
55.6			0.0294131
55.616			0.0293771
55.632			0.0293411
55.648			0.0293052
55.664			0.0292692
55.68			0.0292333
55.696			0.0291974
55.712			0.0291615
55.728			0.0291256
55.744			0.0290897
55.76			0.0290539
55.776			0.0290181
55.792			0.0289823
55.808			0.0289465
55.824			0.0289107
55.84			0.028875
55.856			0.0288392
55.872			0.0288035
55.888			0.0287678
55.904			0.0287322
55.92			0.0286965
55.936			0.0286609
55.952			0.0286253
55.968			0.0285897
55.984			0.0285541
56			0.0285185
56.016			0.028483
56.032			0.0284474
56.048			0.0284119
56.064			0.0283764
56.08			0.028341
56.096			0.0283055
56.112			0.0282701
56.128			0.0282346
56.144			0.0281992
56.16			0.0281638
56.176			0.0281285
56.192			0.0280931
56.208			0.0280578
56.224			0.0280225
56.24			0.0279871
56.256			0.0279519
56.272			0.0279166
56.288			0.0278813
56.304			0.0278461
56.32			0.0278109
56.336			0.0277757
56.352			0.0277405
56.368			0.0277053
56.384			0.0276701
56.4			0.027635
56.416			0.0275999
56.432			0.0275648
56.448			0.0275297
56.464			0.0274946
56.48			0.0274595
56.496			0.0274245
56.512			0.0273895
56.528			0.0273544
56.544			0.0273194
56.56			0.0272845
56.576			0.0272495
56.592			0.0272145
56.608			0.0271796
56.624			0.0271447
56.64			0.0271098
56.656			0.0270749
56.672			0.02704
56.688			0.0270051
56.704			0.0269703
56.72			0.0269354
56.736			0.0269006
56.752			0.0268658
56.768			0.026831
56.784			0.0267962
56.8			0.0267615
56.816			0.0267267
56.832			0.026692
56.848			0.0266573
56.864			0.0266226
56.88			0.0265879
56.896			0.0265532
56.912			0.0265185
56.928			0.0264839
56.944			0.0264492
56.96			0.0264146
56.976			0.02638
56.992			0.0263454
57.008			0.0263108
57.024			0.0262763
57.04			0.0262417
57.056			0.0262072
57.072			0.0261726
57.088			0.0261381
57.104			0.0261036
57.12			0.0260691
57.136			0.0260346
57.152			0.0260002
57.168			0.0259657
57.184			0.0259313
57.2			0.0258969
57.216			0.0258624
57.232			0.025828
57.248			0.0257936
57.264			0.0257593
57.28			0.0257249
57.296			0.0256905
57.312			0.0256562
57.328			0.0256219
57.344			0.0255875
57.36			0.0255532
57.376			0.0255189
57.392			0.0254847
57.408			0.0254504
57.424			0.0254161
57.44			0.0253819
57.456			0.0253476
57.472			0.0253134
57.488			0.0252792
57.504			0.025245
57.52			0.0252108
57.536			0.0251766
57.552			0.0251424
57.568			0.0251083
57.584			0.0250741
57.6			0.02504
57.616			0.0250059
57.632			0.0249718
57.648			0.0249376
57.664			0.0249036
57.68			0.0248695
57.696			0.0248354
57.712			0.0248013
57.728			0.0247673
57.744			0.0247332
57.76			0.0246992
57.776			0.0246652
57.792			0.0246311
57.808			0.0245971
57.824			0.0245631
57.84			0.0245292
57.856			0.0244952
57.872			0.0244612
57.888			0.0244273
57.904			0.0243933
57.92			0.0243594
57.936			0.0243254
57.952			0.0242915
57.968			0.0242576
57.984			0.0242237
58			0.0241898
58.016			0.0241559
58.032			0.0241221
58.048			0.0240882
58.064			0.0240543
58.08			0.0240205
58.096			0.0239866
58.112			0.0239528
58.128			0.023919
58.144			0.0238852
58.16			0.0238514
58.176			0.0238176
58.192			0.0237838
58.208			0.02375
58.224			0.0237162
58.24			0.0236824
58.256			0.0236487
58.272			0.0236149
58.288			0.0235812
58.304			0.0235474
58.32			0.0235137
58.336			0.02348
58.352			0.0234463
58.368			0.0234126
58.384			0.0233789
58.4			0.0233452
58.416			0.0233115
58.432			0.0232778
58.448			0.0232442
58.464			0.0232105
58.48			0.0231768
58.496			0.0231432
58.512			0.0231095
58.528			0.0230759
58.544			0.0230423
58.56			0.0230086
58.576			0.022975
58.592			0.0229414
58.608			0.0229078
58.624			0.0228742
58.64			0.0228406
58.656			0.022807
58.672			0.0227734
58.688			0.0227399
58.704			0.0227063
58.72			0.0226727
58.736			0.0226392
58.752			0.0226056
58.768			0.0225721
58.784			0.0225385
58.8			0.022505
58.816			0.0224715
58.832			0.0224379
58.848			0.0224044
58.864			0.0223709
58.88			0.0223374
58.896			0.0223039
58.912			0.0222704
58.928			0.0222369
58.944			0.0222034
58.96			0.0221699
58.976			0.0221364
58.992			0.022103
59.008			0.0220695
59.024			0.022036
59.04			0.0220026
59.056			0.0219691
59.072			0.0219356
59.088			0.0219022
59.104			0.0218687
59.12			0.0218353
59.136			0.0218019
59.152			0.0217684
59.168			0.021735
59.184			0.0217016
59.2			0.0216681
59.216			0.0216347
59.232			0.0216013
59.248			0.0215679
59.264			0.0215345
59.28			0.0215011
59.296			0.0214677
59.312			0.0214343
59.328			0.0214009
59.344			0.0213675
59.36			0.0213341
59.376			0.0213007
59.392			0.0212673
59.408			0.0212339
59.424			0.0212006
59.44			0.0211672
59.456			0.0211338
59.472			0.0211004
59.488			0.0210671
59.504			0.0210337
59.52			0.0210003
59.536			0.020967
59.552			0.0209336
59.568			0.0209002
59.584			0.0208669
59.6			0.0208335
59.616			0.0208002
59.632			0.0207668
59.648			0.0207335
59.664			0.0207001
59.68			0.0206668
59.696			0.0206334
59.712			0.0206001
59.728			0.0205667
59.744			0.0205334
59.76			0.0205
59.776			0.0204667
59.792			0.0204334
59.808			0.0204
59.824			0.0203667
59.84			0.0203333
59.856			0.0203
59.872			0.0202667
59.888			0.0202333
59.904			0.0202
59.92			0.0201667
59.936			0.0201333
59.952			0.0201
59.968			0.0200667
59.984			0.0200333
60			0.02
60.016			0.0199666
60.032			0.0199333
60.048			0.0198998
60.064			0.0198664
60.08			0.0198329
60.096			0.0197994
60.112			0.0197658
60.128			0.0197322
60.144			0.0196986
60.16			0.0196649
60.176			0.0196312
60.192			0.0195975
60.208			0.0195637
60.224			0.0195299
60.24			0.0194961
60.256			0.0194623
60.272			0.0194284
60.288			0.0193944
60.304			0.0193605
60.32			0.0193265
60.336			0.0192925
60.352			0.0192584
60.368			0.0192244
60.384			0.0191903
60.4			0.0191561
60.416			0.0191219
60.432			0.0190877
60.448			0.0190535
60.464			0.0190192
60.48			0.018985
60.496			0.0189506
60.512			0.0189163
60.528			0.0188819
60.544			0.0188475
60.56			0.0188131
60.576			0.0187786
60.592			0.0187441
60.608			0.0187096
60.624			0.0186751
60.64			0.0186405
60.656			0.0186059
60.672			0.0185713
60.688			0.0185366
60.704			0.0185019
60.72			0.0184672
60.736			0.0184325
60.752			0.0183978
60.768			0.018363
60.784			0.0183282
60.8			0.0182933
60.816			0.0182585
60.832			0.0182236
60.848			0.0181887
60.864			0.0181538
60.88			0.0181188
60.896			0.0180838
60.912			0.0180488
60.928			0.0180138
60.944			0.0179788
60.96			0.0179437
60.976			0.0179086
60.992			0.0178735
61.008			0.0178383
61.024			0.0178032
61.04			0.017768
61.056			0.0177328
61.072			0.0176976
61.088			0.0176623
61.104			0.017627
61.12			0.0175918
61.136			0.0175564
61.152			0.0175211
61.168			0.0174858
61.184			0.0174504
61.2			0.017415
61.216			0.0173796
61.232			0.0173442
61.248			0.0173087
61.264			0.0172732
61.28			0.0172378
61.296			0.0172023
61.312			0.0171667
61.328			0.0171312
61.344			0.0170956
61.36			0.0170601
61.376			0.0170245
61.392			0.0169889
61.408			0.0169532
61.424			0.0169176
61.44			0.0168819
61.456			0.0168462
61.472			0.0168105
61.488			0.0167748
61.504			0.0167391
61.52			0.0167034
61.536			0.0166676
61.552			0.0166318
61.568			0.0165961
61.584			0.0165603
61.6			0.0165244
61.616			0.0164886
61.632			0.0164528
61.648			0.0164169
61.664			0.016381
61.68			0.0163452
61.696			0.0163093
61.712			0.0162734
61.728			0.0162374
61.744			0.0162015
61.76			0.0161655
61.776			0.0161296
61.792			0.0160936
61.808			0.0160576
61.824			0.0160216
61.84			0.0159856
61.856			0.0159496
61.872			0.0159136
61.888			0.0158775
61.904			0.0158415
61.92			0.0158054
61.936			0.0157694
61.952			0.0157333
61.968			0.0156972
61.984			0.0156611
62			0.015625
62.016			0.0155889
62.032			0.0155528
62.048			0.0155166
62.064			0.0154805
62.08			0.0154443
62.096			0.0154082
62.112			0.015372
62.128			0.0153358
62.144			0.0152997
62.16			0.0152635
62.176			0.0152273
62.192			0.0151911
62.208			0.0151549
62.224			0.0151187
62.24			0.0150825
62.256			0.0150462
62.272			0.01501
62.288			0.0149738
62.304			0.0149375
62.32			0.0149013
62.336			0.014865
62.352			0.0148288
62.368			0.0147925
62.384			0.0147563
62.4			0.01472
62.416			0.0146837
62.432			0.0146475
62.448			0.0146112
62.464			0.0145749
62.48			0.0145386
62.496			0.0145023
62.512			0.0144661
62.528			0.0144298
62.544			0.0143935
62.56			0.0143572
62.576			0.0143209
62.592			0.0142846
62.608			0.0142483
62.624			0.014212
62.64			0.0141757
62.656			0.0141394
62.672			0.0141031
62.688			0.0140668
62.704			0.0140305
62.72			0.0139942
62.736			0.0139579
62.752			0.0139217
62.768			0.0138854
62.784			0.0138491
62.8			0.0138128
62.816			0.0137765
62.832			0.0137402
62.848			0.0137039
62.864			0.0136676
62.88			0.0136314
62.896			0.0135951
62.912			0.0135588
62.928			0.0135225
62.944			0.0134863
62.96			0.01345
62.976			0.0134138
62.992			0.0133775
63.008			0.0133413
63.024			0.013305
63.04			0.0132688
63.056			0.0132325
63.072			0.0131963
63.088			0.0131601
63.104			0.0131239
63.12			0.0130876
63.136			0.0130514
63.152			0.0130152
63.168			0.012979
63.184			0.0129428
63.2			0.0129067
63.216			0.0128705
63.232			0.0128343
63.248			0.0127982
63.264			0.012762
63.28			0.0127259
63.296			0.0126897
63.312			0.0126536
63.328			0.0126175
63.344			0.0125814
63.36			0.0125453
63.376			0.0125092
63.392			0.0124731
63.408			0.012437
63.424			0.012401
63.44			0.0123649
63.456			0.0123289
63.472			0.0122928
63.488			0.0122568
63.504			0.0122208
63.52			0.0121848
63.536			0.0121488
63.552			0.0121129
63.568			0.0120769
63.584			0.0120409
63.6			0.012005
63.616			0.0119691
63.632			0.0119332
63.648			0.0118973
63.664			0.0118614
63.68			0.0118255
63.696			0.0117896
63.712			0.0117538
63.728			0.011718
63.744			0.0116821
63.76			0.0116463
63.776			0.0116105
63.792			0.0115748
63.808			0.011539
63.824			0.0115033
63.84			0.0114675
63.856			0.0114318
63.872			0.0113961
63.888			0.0113604
63.904			0.0113248
63.92			0.0112891
63.936			0.0112535
63.952			0.0112179
63.968			0.0111823
63.984			0.0111467
64			0.0111111
64.016			0.0110756
64.032			0.01104
64.048			0.0110045
64.064			0.010969
64.08			0.0109336
64.096			0.0108981
64.112			0.0108627
64.128			0.0108273
64.144			0.0107919
64.16			0.0107565
64.176			0.0107211
64.192			0.0106858
64.208			0.0106505
64.224			0.0106152
64.24			0.0105799
64.256			0.0105446
64.272			0.0105094
64.288			0.0104742
64.304			0.010439
64.32			0.0104038
64.336			0.0103687
64.352			0.0103336
64.368			0.0102985
64.384			0.0102634
64.4			0.0102283
64.416			0.0101933
64.432			0.0101583
64.448			0.0101233
64.464			0.0100883
64.48			0.0100534
64.496			0.0100185
64.512			0.0099836
64.528			0.00994874
64.544			0.0099139
64.56			0.00987908
64.576			0.00984429
64.592			0.00980953
64.608			0.00977479
64.624			0.00974007
64.64			0.00970539
64.656			0.00967073
64.672			0.00963609
64.688			0.00960149
64.704			0.0095669
64.72			0.00953235
64.736			0.00949783
64.752			0.00946333
64.768			0.00942886
64.784			0.00939441
64.8			0.00936
64.816			0.00932561
64.832			0.00929126
64.848			0.00925693
64.864			0.00922263
64.88			0.00918836
64.896			0.00915412
64.912			0.00911991
64.928			0.00908573
64.944			0.00905158
64.96			0.00901746
64.976			0.00898337
64.992			0.00894931
65.008			0.00891528
65.024			0.00888129
65.04			0.00884732
65.056			0.00881339
65.072			0.00877949
65.088			0.00874562
65.104			0.00871178
65.12			0.00867797
65.136			0.0086442
65.152			0.00861046
65.168			0.00857676
65.184			0.00854308
65.2			0.00850945
65.216			0.00847584
65.232			0.00844227
65.248			0.00840873
65.264			0.00837523
65.28			0.00834176
65.296			0.00830833
65.312			0.00827493
65.328			0.00824157
65.344			0.00820824
65.36			0.00817495
65.376			0.00814169
65.392			0.00810847
65.408			0.00807529
65.424			0.00804214
65.44			0.00800903
65.456			0.00797596
65.472			0.00794292
65.488			0.00790992
65.504			0.00787696
65.52			0.00784404
65.536			0.00781116
65.552			0.00777831
65.568			0.0077455
65.584			0.00771273
65.6			0.00768
65.616			0.00764731
65.632			0.00761466
65.648			0.00758204
65.664			0.00754947
65.68			0.00751694
65.696			0.00748445
65.712			0.00745199
65.728			0.00741958
65.744			0.00738721
65.76			0.00735488
65.776			0.00732259
65.792			0.00729034
65.808			0.00725814
65.824			0.00722598
65.84			0.00719385
65.856			0.00716177
65.872			0.00712974
65.888			0.00709774
65.904			0.00706579
65.92			0.00703388
65.936			0.00700202
65.952			0.0069702
65.968			0.00693842
65.984			0.00690669
66			0.006875
66.016			0.00684336
66.032			0.00681176
66.048			0.0067802
66.064			0.00674869
66.08			0.00671723
66.096			0.00668581
66.112			0.00665443
66.128			0.00662311
66.144			0.00659183
66.16			0.00656059
66.176			0.0065294
66.192			0.00649826
66.208			0.00646717
66.224			0.00643612
66.24			0.00640512
66.256			0.00637417
66.272			0.00634326
66.288			0.00631241
66.304			0.0062816
66.32			0.00625084
66.336			0.00622013
66.352			0.00618947
66.368			0.00615886
66.384			0.00612829
66.4			0.00609778
66.416			0.00606731
66.432			0.0060369
66.448			0.00600654
66.464			0.00597622
66.48			0.00594596
66.496			0.00591575
66.512			0.00588559
66.528			0.00585548
66.544			0.00582542
66.56			0.00579541
66.576			0.00576546
66.592			0.00573556
66.608			0.00570571
66.624			0.00567591
66.64			0.00564616
66.656			0.00561647
66.672			0.00558683
66.688			0.00555725
66.704			0.00552772
66.72			0.00549824
66.736			0.00546882
66.752			0.00543945
66.768			0.00541013
66.784			0.00538087
66.8			0.00535167
66.816			0.00532252
66.832			0.00529342
66.848			0.00526438
66.864			0.0052354
66.88			0.00520647
66.896			0.0051776
66.912			0.00514879
66.928			0.00512003
66.944			0.00509133
66.96			0.00506268
66.976			0.00503409
66.992			0.00500556
67.008			0.00497709
67.024			0.00494868
67.04			0.00492032
67.056			0.00489202
67.072			0.00486378
67.088			0.0048356
67.104			0.00480748
67.12			0.00477942
67.136			0.00475142
67.152			0.00472347
67.168			0.00469559
67.184			0.00466776
67.2			0.00464
67.216			0.0046123
67.232			0.00458465
67.248			0.00455707
67.264			0.00452955
67.28			0.00450209
67.296			0.0044747
67.312			0.00444736
67.328			0.00442009
67.344			0.00439287
67.36			0.00436572
67.376			0.00433864
67.392			0.00431161
67.408			0.00428465
67.424			0.00425775
67.44			0.00423092
67.456			0.00420415
67.472			0.00417744
67.488			0.0041508
67.504			0.00412422
67.52			0.00409771
67.536			0.00407126
67.552			0.00404487
67.568			0.00401855
67.584			0.0039923
67.6			0.00396611
67.616			0.00393999
67.632			0.00391393
67.648			0.00388794
67.664			0.00386202
67.68			0.00383616
67.696			0.00381037
67.712			0.00378465
67.728			0.00375899
67.744			0.0037334
67.76			0.00370788
67.776			0.00368243
67.792			0.00365704
67.808			0.00363173
67.824			0.00360648
67.84			0.0035813
67.856			0.00355619
67.872			0.00353115
67.888			0.00350617
67.904			0.00348127
67.92			0.00345644
67.936			0.00343168
67.952			0.00340699
67.968			0.00338236
67.984			0.00335781
68			0.00333333
68.016			0.00330892
68.032			0.00328459
68.048			0.00326032
68.064			0.00323613
68.08			0.003212
68.096			0.00318795
68.112			0.00316398
68.128			0.00314007
68.144			0.00311624
68.16			0.00309248
68.176			0.00306879
68.192			0.00304518
68.208			0.00302164
68.224			0.00299818
68.24			0.00297479
68.256			0.00295147
68.272			0.00292823
68.288			0.00290506
68.304			0.00288197
68.32			0.00285895
68.336			0.00283601
68.352			0.00281314
68.368			0.00279035
68.384			0.00276764
68.4			0.002745
68.416			0.00272244
68.432			0.00269995
68.448			0.00267755
68.464			0.00265521
68.48			0.00263296
68.496			0.00261078
68.512			0.00258869
68.528			0.00256666
68.544			0.00254472
68.56			0.00252286
68.576			0.00250107
68.592			0.00247937
68.608			0.00245774
68.624			0.00243619
68.64			0.00241472
68.656			0.00239333
68.672			0.00237202
68.688			0.00235079
68.704			0.00232964
68.72			0.00230857
68.736			0.00228759
68.752			0.00226668
68.768			0.00224585
68.784			0.00222511
68.8			0.00220444
68.816			0.00218386
68.832			0.00216336
68.848			0.00214295
68.864			0.00212261
68.88			0.00210236
68.896			0.00208219
68.912			0.0020621
68.928			0.0020421
68.944			0.00202218
68.96			0.00200235
68.976			0.0019826
68.992			0.00196293
69.008			0.00194334
69.024			0.00192385
69.04			0.00190443
69.056			0.0018851
69.072			0.00186586
69.088			0.0018467
69.104			0.00182763
69.12			0.00180864
69.136			0.00178974
69.152			0.00177092
69.168			0.0017522
69.184			0.00173355
69.2			0.001715
69.216			0.00169653
69.232			0.00167815
69.248			0.00165986
69.264			0.00164165
69.28			0.00162354
69.296			0.00160551
69.312			0.00158757
69.328			0.00156972
69.344			0.00155195
69.36			0.00153428
69.376			0.0015167
69.392			0.0014992
69.408			0.00148179
69.424			0.00146448
69.44			0.00144725
69.456			0.00143012
69.472			0.00141307
69.488			0.00139612
69.504			0.00137926
69.52			0.00136248
69.536			0.0013458
69.552			0.00132922
69.568			0.00131272
69.584			0.00129631
69.6			0.00128
69.616			0.00126378
69.632			0.00124765
69.648			0.00123162
69.664			0.00121568
69.68			0.00119983
69.696			0.00118407
69.712			0.00116841
69.728			0.00115284
69.744			0.00113737
69.76			0.00112199
69.776			0.00110671
69.792			0.00109152
69.808			0.00107642
69.824			0.00106142
69.84			0.00104652
69.856			0.00103171
69.872			0.001017
69.888			0.00100238
69.904			0.000987864
69.92			0.00097344
69.936			0.000959113
69.952			0.000944884
69.968			0.000930751
69.984			0.000916716
70			0.000902778
70.016			0.000888938
70.032			0.000875196
70.048			0.000861552
70.064			0.000848007
70.08			0.00083456
70.096			0.000821212
70.112			0.000807963
70.128			0.000794814
70.144			0.000781764
70.16			0.000768813
70.176			0.000755963
70.192			0.000743213
70.208			0.000730563
70.224			0.000718013
70.24			0.000705565
70.256			0.000693217
70.272			0.00068097
70.288			0.000668825
70.304			0.000656782
70.32			0.00064484
70.336			0.000633
70.352			0.000621263
70.368			0.000609628
70.384			0.000598096
70.4			0.000586667
70.416			0.000575341
70.432			0.000564118
70.448			0.000552998
70.464			0.000541983
70.48			0.000531071
70.496			0.000520264
70.512			0.000509561
70.528			0.000498962
70.544			0.000488469
70.56			0.00047808
70.576			0.000467797
70.592			0.000457619
70.608			0.000447547
70.624			0.00043758
70.64			0.00042772
70.656			0.000417966
70.672			0.000408319
70.688			0.000398778
70.704			0.000389344
70.72			0.000380018
70.736			0.000370799
70.752			0.000361687
70.768			0.000352683
70.784			0.000343788
70.8			0.000335
70.816			0.000326321
70.832			0.000317751
70.848			0.000309289
70.864			0.000300937
70.88			0.000292693
70.896			0.00028456
70.912			0.000276536
70.928			0.000268622
70.944			0.000260818
70.96			0.000253124
70.976			0.000245542
70.992			0.000238069
71.008			0.000230708
71.024			0.000223458
71.04			0.00021632
71.056			0.000209293
71.072			0.000202378
71.088			0.000195575
71.104			0.000188885
71.12			0.000182307
71.136			0.000175841
71.152			0.000169489
71.168			0.00016325
71.184			0.000157124
71.2			0.000151111
71.216			0.000145212
71.232			0.000139428
71.248			0.000133757
71.264			0.000128201
71.28			0.00012276
71.296			0.000117433
71.312			0.000112222
71.328			0.000107126
71.344			0.000102145
71.36			9.728e-05
71.376			9.25309e-05
71.392			8.78979e-05
71.408			8.33812e-05
71.424			7.89811e-05
71.44			7.46978e-05
71.456			7.05314e-05
71.472			6.64822e-05
71.488			6.25505e-05
71.504			5.87363e-05
71.52			5.504e-05
71.536			5.14617e-05
71.552			4.80017e-05
71.568			4.46602e-05
71.584			4.14373e-05
71.6			3.83333e-05
71.616			3.53485e-05
71.632			3.2483e-05
71.648			2.9737e-05
71.664			2.71107e-05
71.68			2.46044e-05
71.696			2.22183e-05
71.712			1.99526e-05
71.728			1.78075e-05
71.744			1.57833e-05
71.76			1.388e-05
71.776			1.2098e-05
71.792			1.04374e-05
71.808			8.89856e-06
71.824			7.48157e-06
71.84			6.18667e-06
71.856			5.01408e-06
71.872			3.96402e-06
71.888			3.03669e-06
71.904			2.23232e-06
71.92			1.55111e-06
71.936			9.9328e-07
71.952			5.5904e-07
71.968			2.48604e-07
71.984			6.21867e-08
72			1.6438e-27
72.016			0
72.032			0
72.048			0
72.064			0
72.08			0
72.096			0
72.112			0
72.128			0
72.144			0
72.16			0
72.176			0
72.192			0
72.208			0
72.224			0
72.24			0
72.256			0
72.272			0
72.288			0
72.304			0
72.32			0
72.336			0
72.352			0
72.368			0
72.384			0
72.4			0
72.416			0
72.432			0
72.448			0
72.464			0
72.48			0
72.496			0
72.512			0
72.528			0
72.544			0
72.56			0
72.576			0
72.592			0
72.608			0
72.624			0
72.64			0
72.656			0
72.672			0
72.688			0
72.704			0
72.72			0
72.736			0
72.752			0
72.768			0
72.784			0
72.8			0
72.816			0
72.832			0
72.848			0
72.864			0
72.88			0
72.896			0
72.912			0
72.928			0
72.944			0
72.96			0
72.976			0
72.992			0
73.008			0
73.024			0
73.04			0
73.056			0
73.072			0
73.088			0
73.104			0
73.12			0
73.136			0
73.152			0
73.168			0
73.184			0
73.2			0
73.216			0
73.232			0
73.248			0
73.264			0
73.28			0
73.296			0
73.312			0
73.328			0
73.344			0
73.36			0
73.376			0
73.392			0
73.408			0
73.424			0
73.44			0
73.456			0
73.472			0
73.488			0
73.504			0
73.52			0
73.536			0
73.552			0
73.568			0
73.584			0
73.6			0
73.616			0
73.632			0
73.648			0
73.664			0
73.68			0
73.696			0
73.712			0
73.728			0
73.744			0
73.76			0
73.776			0
73.792			0
73.808			0
73.824			0
73.84			0
73.856			0
73.872			0
73.888			0
73.904			0
73.92			0
73.936			0
73.952			0
73.968			0
73.984			0
74			0
74.016			0
74.032			0
74.048			0
74.064			0
74.08			0
74.096			0
74.112			0
74.128			0
74.144			0
74.16			0
74.176			0
74.192			0
74.208			0
74.224			0
74.24			0
74.256			0
74.272			0
74.288			0
74.304			0
74.32			0
74.336			0
74.352			0
74.368			0
74.384			0
74.4			0
74.416			0
74.432			0
74.448			0
74.464			0
74.48			0
74.496			0
74.512			0
74.528			0
74.544			0
74.56			0
74.576			0
74.592			0
74.608			0
74.624			0
74.64			0
74.656			0
74.672			0
74.688			0
74.704			0
74.72			0
74.736			0
74.752			0
74.768			0
74.784			0
74.8			0
74.816			0
74.832			0
74.848			0
74.864			0
74.88			0
74.896			0
74.912			0
74.928			0
74.944			0
74.96			0
74.976			0
74.992			0
75.008			0
75.024			0
75.04			0
75.056			0
75.072			0
75.088			0
75.104			0
75.12			0
75.136			0
75.152			0
75.168			0
75.184			0
75.2			0
75.216			0
75.232			0
75.248			0
75.264			0
75.28			0
75.296			0
75.312			0
75.328			0
75.344			0
75.36			0
75.376			0
75.392			0
75.408			0
75.424			0
75.44			0
75.456			0
75.472			0
75.488			0
75.504			0
75.52			0
75.536			0
75.552			0
75.568			0
75.584			0
75.6			0
75.616			0
75.632			0
75.648			0
75.664			0
75.68			0
75.696			0
75.712			0
75.728			0
75.744			0
75.76			0
75.776			0
75.792			0
75.808			0
75.824			0
75.84			0
75.856			0
75.872			0
75.888			0
75.904			0
75.92			0
75.936			0
75.952			0
75.968			0
75.984			0
76			0
76.016			0
76.032			0
76.048			0
76.064			0
76.08			0
76.096			0
76.112			0
76.128			0
76.144			0
76.16			0
76.176			0
76.192			0
76.208			0
76.224			0
76.24			0
76.256			0
76.272			0
76.288			0
76.304			0
76.32			0
76.336			0
76.352			0
76.368			0
76.384			0
76.4			0
76.416			0
76.432			0
76.448			0
76.464			0
76.48			0
76.496			0
76.512			0
76.528			0
76.544			0
76.56			0
76.576			0
76.592			0
76.608			0
76.624			0
76.64			0
76.656			0
76.672			0
76.688			0
76.704			0
76.72			0
76.736			0
76.752			0
76.768			0
76.784			0
76.8			0
76.816			0
76.832			0
76.848			0
76.864			0
76.88			0
76.896			0
76.912			0
76.928			0
76.944			0
76.96			0
76.976			0
76.992			0
77.008			0
77.024			0
77.04			0
77.056			0
77.072			0
77.088			0
77.104			0
77.12			0
77.136			0
77.152			0
77.168			0
77.184			0
77.2			0
77.216			0
77.232			0
77.248			0
77.264			0
77.28			0
77.296			0
77.312			0
77.328			0
77.344			0
77.36			0
77.376			0
77.392			0
77.408			0
77.424			0
77.44			0
77.456			0
77.472			0
77.488			0
77.504			0
77.52			0
77.536			0
77.552			0
77.568			0
77.584			0
77.6			0
77.616			0
77.632			0
77.648			0
77.664			0
77.68			0
77.696			0
77.712			0
77.728			0
77.744			0
77.76			0
77.776			0
77.792			0
77.808			0
77.824			0
77.84			0
77.856			0
77.872			0
77.888			0
77.904			0
77.92			0
77.936			0
77.952			0
77.968			0
77.984			0
78			0
78.016			0
78.032			0
78.048			0
78.064			0
78.08			0
78.096			0
78.112			0
78.128			0
78.144			0
78.16			0
78.176			0
78.192			0
78.208			0
78.224			0
78.24			0
78.256			0
78.272			0
78.288			0
78.304			0
78.32			0
78.336			0
78.352			0
78.368			0
78.384			0
78.4			0
78.416			0
78.432			0
78.448			0
78.464			0
78.48			0
78.496			0
78.512			0
78.528			0
78.544			0
78.56			0
78.576			0
78.592			0
78.608			0
78.624			0
78.64			0
78.656			0
78.672			0
78.688			0
78.704			0
78.72			0
78.736			0
78.752			0
78.768			0
78.784			0
78.8			0
78.816			0
78.832			0
78.848			0
78.864			0
78.88			0
78.896			0
78.912			0
78.928			0
78.944			0
78.96			0
78.976			0
78.992			0
79.008			0
79.024			0
79.04			0
79.056			0
79.072			0
79.088			0
79.104			0
79.12			0
79.136			0
79.152			0
79.168			0
79.184			0
79.2			0
79.216			0
79.232			0
79.248			0
79.264			0
79.28			0
79.296			0
79.312			0
79.328			0
79.344			0
79.36			0
79.376			0
79.392			0
79.408			0
79.424			0
79.44			0
79.456			0
79.472			0
79.488			0
79.504			0
79.52			0
79.536			0
79.552			0
79.568			0
79.584			0
79.6			0
79.616			0
79.632			0
79.648			0
79.664			0
79.68			0
79.696			0
79.712			0
79.728			0
79.744			0
79.76			0
79.776			0
79.792			0
79.808			0
79.824			0
79.84			0
79.856			0
79.872			0
79.888			0
79.904			0
79.92			0
79.936			0
79.952			0
79.968			0
79.984			0
80			0
80.016			0
80.032			0
80.048			0
80.064			0
80.08			0
80.096			0
80.112			0
80.128			0
80.144			0
80.16			0
80.176			0
80.192			0
80.208			0
80.224			0
80.24			0
80.256			0
80.272			0
80.288			0
80.304			0
80.32			0
80.336			0
80.352			0
80.368			0
80.384			0
80.4			0
80.416			0
80.432			0
80.448			0
80.464			0
80.48			0
80.496			0
80.512			0
80.528			0
80.544			0
80.56			0
80.576			0
80.592			0
80.608			0
80.624			0
80.64			0
80.656			0
80.672			0
80.688			0
80.704			0
80.72			0
80.736			0
80.752			0
80.768			0
80.784			0
80.8			0
80.816			0
80.832			0
80.848			0
80.864			0
80.88			0
80.896			0
80.912			0
80.928			0
80.944			0
80.96			0
80.976			0
80.992			0
81.008			0
81.024			0
81.04			0
81.056			0
81.072			0
81.088			0
81.104			0
81.12			0
81.136			0
81.152			0
81.168			0
81.184			0
81.2			0
81.216			0
81.232			0
81.248			0
81.264			0
81.28			0
81.296			0
81.312			0
81.328			0
81.344			0
81.36			0
81.376			0
81.392			0
81.408			0
81.424			0
81.44			0
81.456			0
81.472			0
81.488			0
81.504			0
81.52			0
81.536			0
81.552			0
81.568			0
81.584			0
81.6			0
81.616			0
81.632			0
81.648			0
81.664			0
81.68			0
81.696			0
81.712			0
81.728			0
81.744			0
81.76			0
81.776			0
81.792			0
81.808			0
81.824			0
81.84			0
81.856			0
81.872			0
81.888			0
81.904			0
81.92			0
81.936			0
81.952			0
81.968			0
81.984			0
82			0
82.016			0
82.032			0
82.048			0
82.064			0
82.08			0
82.096			0
82.112			0
82.128			0
82.144			0
82.16			0
82.176			0
82.192			0
82.208			0
82.224			0
82.24			0
82.256			0
82.272			0
82.288			0
82.304			0
82.32			0
82.336			0
82.352			0
82.368			0
82.384			0
82.4			0
82.416			0
82.432			0
82.448			0
82.464			0
82.48			0
82.496			0
82.512			0
82.528			0
82.544			0
82.56			0
82.576			0
82.592			0
82.608			0
82.624			0
82.64			0
82.656			0
82.672			0
82.688			0
82.704			0
82.72			0
82.736			0
82.752			0
82.768			0
82.784			0
82.8			0
82.816			0
82.832			0
82.848			0
82.864			0
82.88			0
82.896			0
82.912			0
82.928			0
82.944			0
82.96			0
82.976			0
82.992			0
83.008			0
83.024			0
83.04			0
83.056			0
83.072			0
83.088			0
83.104			0
83.12			0
83.136			0
83.152			0
83.168			0
83.184			0
83.2			0
83.216			0
83.232			0
83.248			0
83.264			0
83.28			0
83.296			0
83.312			0
83.328			0
83.344			0
83.36			0
83.376			0
83.392			0
83.408			0
83.424			0
83.44			0
83.456			0
83.472			0
83.488			0
83.504			0
83.52			0
83.536			0
83.552			0
83.568			0
83.584			0
83.6			0
83.616			0
83.632			0
83.648			0
83.664			0
83.68			0
83.696			0
83.712			0
83.728			0
83.744			0
83.76			0
83.776			0
83.792			0
83.808			0
83.824			0
83.84			0
83.856			0
83.872			0
83.888			0
83.904			0
83.92			0
83.936			0
83.952			0
83.968			0
83.984			0
84			0
84.016			0
84.032			0
84.048			0
84.064			0
84.08			0
84.096			0
84.112			0
84.128			0
84.144			0
84.16			0
84.176			0
84.192			0
84.208			0
84.224			0
84.24			0
84.256			0
84.272			0
84.288			0
84.304			0
84.32			0
84.336			0
84.352			0
84.368			0
84.384			0
84.4			0
84.416			0
84.432			0
84.448			0
84.464			0
84.48			0
84.496			0
84.512			0
84.528			0
84.544			0
84.56			0
84.576			0
84.592			0
84.608			0
84.624			0
84.64			0
84.656			0
84.672			0
84.688			0
84.704			0
84.72			0
84.736			0
84.752			0
84.768			0
84.784			0
84.8			0
84.816			0
84.832			0
84.848			0
84.864			0
84.88			0
84.896			0
84.912			0
84.928			0
84.944			0
84.96			0
84.976			0
84.992			0
85.008			0
85.024			0
85.04			0
85.056			0
85.072			0
85.088			0
85.104			0
85.12			0
85.136			0
85.152			0
85.168			0
85.184			0
85.2			0
85.216			0
85.232			0
85.248			0
85.264			0
85.28			0
85.296			0
85.312			0
85.328			0
85.344			0
85.36			0
85.376			0
85.392			0
85.408			0
85.424			0
85.44			0
85.456			0
85.472			0
85.488			0
85.504			0
85.52			0
85.536			0
85.552			0
85.568			0
85.584			0
85.6			0
85.616			0
85.632			0
85.648			0
85.664			0
85.68			0
85.696			0
85.712			0
85.728			0
85.744			0
85.76			0
85.776			0
85.792			0
85.808			0
85.824			0
85.84			0
85.856			0
85.872			0
85.888			0
85.904			0
85.92			0
85.936			0
85.952			0
85.968			0
85.984			0
86			0
86.016			0
86.032			0
86.048			0
86.064			0
86.08			0
86.096			0
86.112			0
86.128			0
86.144			0
86.16			0
86.176			0
86.192			0
86.208			0
86.224			0
86.24			0
86.256			0
86.272			0
86.288			0
86.304			0
86.32			0
86.336			0
86.352			0
86.368			0
86.384			0
86.4			0
86.416			0
86.432			0
86.448			0
86.464			0
86.48			0
86.496			0
86.512			0
86.528			0
86.544			0
86.56			0
86.576			0
86.592			0
86.608			0
86.624			0
86.64			0
86.656			0
86.672			0
86.688			0
86.704			0
86.72			0
86.736			0
86.752			0
86.768			0
86.784			0
86.8			0
86.816			0
86.832			0
86.848			0
86.864			0
86.88			0
86.896			0
86.912			0
86.928			0
86.944			0
86.96			0
86.976			0
86.992			0
87.008			0
87.024			0
87.04			0
87.056			0
87.072			0
87.088			0
87.104			0
87.12			0
87.136			0
87.152			0
87.168			0
87.184			0
87.2			0
87.216			0
87.232			0
87.248			0
87.264			0
87.28			0
87.296			0
87.312			0
87.328			0
87.344			0
87.36			0
87.376			0
87.392			0
87.408			0
87.424			0
87.44			0
87.456			0
87.472			0
87.488			0
87.504			0
87.52			0
87.536			0
87.552			0
87.568			0
87.584			0
87.6			0
87.616			0
87.632			0
87.648			0
87.664			0
87.68			0
87.696			0
87.712			0
87.728			0
87.744			0
87.76			0
87.776			0
87.792			0
87.808			0
87.824			0
87.84			0
87.856			0
87.872			0
87.888			0
87.904			0
87.92			0
87.936			0
87.952			0
87.968			0
87.984			0
88			0
88.016			0
88.032			0
88.048			0
88.064			0
88.08			0
88.096			0
88.112			0
88.128			0
88.144			0
88.16			0
88.176			0
88.192			0
88.208			0
88.224			0
88.24			0
88.256			0
88.272			0
88.288			0
88.304			0
88.32			0
88.336			0
88.352			0
88.368			0
88.384			0
88.4			0
88.416			0
88.432			0
88.448			0
88.464			0
88.48			0
88.496			0
88.512			0
88.528			0
88.544			0
88.56			0
88.576			0
88.592			0
88.608			0
88.624			0
88.64			0
88.656			0
88.672			0
88.688			0
88.704			0
88.72			0
88.736			0
88.752			0
88.768			0
88.784			0
88.8			0
88.816			0
88.832			0
88.848			0
88.864			0
88.88			0
88.896			0
88.912			0
88.928			0
88.944			0
88.96			0
88.976			0
88.992			0
89.008			0
89.024			0
89.04			0
89.056			0
89.072			0
89.088			0
89.104			0
89.12			0
89.136			0
89.152			0
89.168			0
89.184			0
89.2			0
89.216			0
89.232			0
89.248			0
89.264			0
89.28			0
89.296			0
89.312			0
89.328			0
89.344			0
89.36			0
89.376			0
89.392			0
89.408			0
89.424			0
89.44			0
89.456			0
89.472			0
89.488			0
89.504			0
89.52			0
89.536			0
89.552			0
89.568			0
89.584			0
89.6			0
89.616			0
89.632			0
89.648			0
89.664			0
89.68			0
89.696			0
89.712			0
89.728			0
89.744			0
89.76			0
89.776			0
89.792			0
89.808			0
89.824			0
89.84			0
89.856			0
89.872			0
89.888			0
89.904			0
89.92			0
89.936			0
89.952			0
89.968			0
89.984			0
90			0
90.016			0
90.032			0
90.048			0
90.064			0
90.08			0
90.096			0
90.112			0
90.128			0
90.144			0
90.16			0
90.176			0
90.192			0
90.208			0
90.224			0
90.24			0
90.256			0
90.272			0
90.288			0
90.304			0
90.32			0
90.336			0
90.352			0
90.368			0
90.384			0
90.4			0
90.416			0
90.432			0
90.448			0
90.464			0
90.48			0
90.496			0
90.512			0
90.528			0
90.544			0
90.56			0
90.576			0
90.592			0
90.608			0
90.624			0
90.64			0
90.656			0
90.672			0
90.688			0
90.704			0
90.72			0
90.736			0
90.752			0
90.768			0
90.784			0
90.8			0
90.816			0
90.832			0
90.848			0
90.864			0
90.88			0
90.896			0
90.912			0
90.928			0
90.944			0
90.96			0
90.976			0
90.992			0
91.008			0
91.024			0
91.04			0
91.056			0
91.072			0
91.088			0
91.104			0
91.12			0
91.136			0
91.152			0
91.168			0
91.184			0
91.2			0
91.216			0
91.232			0
91.248			0
91.264			0
91.28			0
91.296			0
91.312			0
91.328			0
91.344			0
91.36			0
91.376			0
91.392			0
91.408			0
91.424			0
91.44			0
91.456			0
91.472			0
91.488			0
91.504			0
91.52			0
91.536			0
91.552			0
91.568			0
91.584			0
91.6			0
91.616			0
91.632			0
91.648			0
91.664			0
91.68			0
91.696			0
91.712			0
91.728			0
91.744			0
91.76			0
91.776			0
91.792			0
91.808			0
91.824			0
91.84			0
91.856			0
91.872			0
91.888			0
91.904			0
91.92			0
91.936			0
91.952			0
91.968			0
91.984			0
92			0
92.016			0
92.032			0
92.048			0
92.064			0
92.08			0
92.096			0
92.112			0
92.128			0
92.144			0
92.16			0
92.176			0
92.192			0
92.208			0
92.224			0
92.24			0
92.256			0
92.272			0
92.288			0
92.304			0
92.32			0
92.336			0
92.352			0
92.368			0
92.384			0
92.4			0
92.416			0
92.432			0
92.448			0
92.464			0
92.48			0
92.496			0
92.512			0
92.528			0
92.544			0
92.56			0
92.576			0
92.592			0
92.608			0
92.624			0
92.64			0
92.656			0
92.672			0
92.688			0
92.704			0
92.72			0
92.736			0
92.752			0
92.768			0
92.784			0
92.8			0
92.816			0
92.832			0
92.848			0
92.864			0
92.88			0
92.896			0
92.912			0
92.928			0
92.944			0
92.96			0
92.976			0
92.992			0
93.008			0
93.024			0
93.04			0
93.056			0
93.072			0
93.088			0
93.104			0
93.12			0
93.136			0
93.152			0
93.168			0
93.184			0
93.2			0
93.216			0
93.232			0
93.248			0
93.264			0
93.28			0
93.296			0
93.312			0
93.328			0
93.344			0
93.36			0
93.376			0
93.392			0
93.408			0
93.424			0
93.44			0
93.456			0
93.472			0
93.488			0
93.504			0
93.52			0
93.536			0
93.552			0
93.568			0
93.584			0
93.6			0
93.616			0
93.632			0
93.648			0
93.664			0
93.68			0
93.696			0
93.712			0
93.728			0
93.744			0
93.76			0
93.776			0
93.792			0
93.808			0
93.824			0
93.84			0
93.856			0
93.872			0
93.888			0
93.904			0
93.92			0
93.936			0
93.952			0
93.968			0
93.984			0
94			0
94.016			0
94.032			0
94.048			0
94.064			0
94.08			0
94.096			0
94.112			0
94.128			0
94.144			0
94.16			0
94.176			0
94.192			0
94.208			0
94.224			0
94.24			0
94.256			0
94.272			0
94.288			0
94.304			0
94.32			0
94.336			0
94.352			0
94.368			0
94.384			0
94.4			0
94.416			0
94.432			0
94.448			0
94.464			0
94.48			0
94.496			0
94.512			0
94.528			0
94.544			0
94.56			0
94.576			0
94.592			0
94.608			0
94.624			0
94.64			0
94.656			0
94.672			0
94.688			0
94.704			0
94.72			0
94.736			0
94.752			0
94.768			0
94.784			0
94.8			0
94.816			0
94.832			0
94.848			0
94.864			0
94.88			0
94.896			0
94.912			0
94.928			0
94.944			0
94.96			0
94.976			0
94.992			0
95.008			0
95.024			0
95.04			0
95.056			0
95.072			0
95.088			0
95.104			0
95.12			0
95.136			0
95.152			0
95.168			0
95.184			0
95.2			0
95.216			0
95.232			0
95.248			0
95.264			0
95.28			0
95.296			0
95.312			0
95.328			0
95.344			0
95.36			0
95.376			0
95.392			0
95.408			0
95.424			0
95.44			0
95.456			0
95.472			0
95.488			0
95.504			0
95.52			0
95.536			0
95.552			0
95.568			0
95.584			0
95.6			0
95.616			0
95.632			0
95.648			0
95.664			0
95.68			0
95.696			0
95.712			0
95.728			0
95.744			0
95.76			0
95.776			0
95.792			0
95.808			0
95.824			0
95.84			0
95.856			0
95.872			0
95.888			0
95.904			0
95.92			0
95.936			0
95.952			0
95.968			0
95.984			0
